1 43196U 18015E   18033.72066738 -.00000071  00000-0  00000+0 0  9990
2 43196  97.3285 165.6217 0017944 269.4905 208.9094 15.23593918    50
1 43196U 18015E   18033.85283677 -.00000071  00000-0  00000+0 0  9997
2 43196  97.3260 165.7364 0019132 259.7335 223.1787 15.23623369    71
1 43196U 18015E   18033.91898728 -.00000071  00000-0  00000+0 0  9993
2 43196  97.3230 165.8190 0017428 274.4921 210.9304 15.23559127    87
1 43196U 18015E   18034.29516041 -.00000071  00000-0  00000+0 0  9990
2 43196  97.3271 166.1835 0017290 269.0885 118.2820 15.23572058   146
1 43196U 18015E   18034.43788503 -.00000071  00000-0  00000+0 0  9990
2 43196  97.3283 166.3174 0017380 268.6358 181.0577 15.23572734   167
1 43196U 18015E   18034.57752023 -.00000071  00000-0  00000-0 0  9994
2 43196  97.3282 166.4542 0017369 268.4262 226.6586 15.23576367   189
1 43196U 18015E   18034.94692811  .00002330  00000-0  10000-3 0  9996
2 43196  97.3286 166.8162 0017682 268.4448  91.4761 15.23573224   248
1 43196U 18015E   18035.60370228  .00002330  00000-0  10000-3 0  9995
2 43196  97.3280 167.4592 0017601 265.7699  94.1511 15.23574619   348
1 43196U 18015E   18035.93209113 -.00000017  00000-0  22252-5 0  9990
2 43196  97.3278 167.7798 0017540 264.6256  95.2974 15.23570127   395
1 43196U 18015E   18036.91725364 -.00000069  00000-0  50118-7 0  9991
2 43196  97.3276 168.7417 0017563 261.3015  98.6231 15.23570167   548
1 43196U 18015E   18037.04860869 -.00000069  00000-0  50118-7 0  9996
2 43196  97.3277 168.8700 0017561 260.8130  99.1118 15.23570123   569
1 43196U 18015E   18040.59519504  .00000545  00000-0  25631-4 0  9994
2 43196  97.3275 172.3324 0017655 248.1251 111.8740 15.23576721  1100
1 43196U 18015E   18040.85789254  .00000542  00000-0  25526-4 0  9994
2 43196  97.3275 172.5889 0017655 247.1960 112.7411 15.23577021  1147
1 43196U 18015E   18041.31763256  .00000584  00000-0  27274-4 0  9998
2 43196  97.3275 173.0380 0017667 245.5457 114.3937 15.23577959  1214
1 43196U 18015E   18041.84305013  .00000574  00000-0  26871-4 0  9990
2 43196  97.3275 173.5510 0017672 243.7007 116.2408 15.23578565  1297
1 43196U 18015E   18042.36846710  .00000611  00000-0  28382-4 0  9993
2 43196  97.3275 174.0643 0017679 241.8602 118.0849 15.23579542  1371
1 43196U 18015E   18042.89388498  .00000556  00000-0  26119-4 0  9999
2 43196  97.3273 174.5769 0017716 240.1950 119.7526 15.23579837  1459
1 43196U 18015E   18043.55065618  .00000568  00000-0  26614-4 0  9992
2 43196  97.3273 175.2185 0017747 237.7583 122.1935 15.23580684  1552
1 43196U 18015E   18043.94471868  .00000576  00000-0  26921-4 0  9993
2 43196  97.3274 175.6035 0017720 236.0817 123.8737 15.23581231  1618
1 43196U 18015E   18044.60148799  .00000658  00000-0  30336-4 0  9997
2 43196  97.3276 176.2458 0017890 233.1938 126.7658 15.23582661  1719
1 43196U 18015E   18044.92987316  .00000621  00000-0  28817-4 0  9999
2 43196  97.3275 176.5665 0017889 231.8191 128.1428 15.23582918  1766
1 43196U 18015E   18045.52096614  .00000667  00000-0  30706-4 0  9998
2 43196  97.3274 177.1437 0017869 229.7584 130.2091 15.23584035  1851
1 43196U 18015E   18045.58664312  .00000672  00000-0  30916-4 0  9999
2 43196  97.3274 177.2078 0017870 229.5458 130.4223 15.23584164  1866
1 43196U 18015E   18045.91502802  .00000653  00000-0  30151-4 0  9991
2 43196  97.3276 177.5289 0017870 228.0472 131.9245 15.23584516  1912
1 43196U 18015E   18046.57179683  .00000710  00000-0  32516-4 0  9992
2 43196  97.3276 178.1705 0017937 225.7967 134.1796 15.23585849  2017
1 43196U 18015E   18046.90018145  .00000697  00000-0  31942-4 0  9990
2 43196  97.3277 178.4914 0017930 224.5298 135.4498 15.23586264  2060
1 43196U 18015E   18047.55694942  .00000790  00000-0  35812-4 0  9991
2 43196  97.3276 179.1324 0017980 222.2958 137.6896 15.23587915  2166
1 43196U 18015E   18047.88533322  .00000812  00000-0  36766-4 0  9995
2 43196  97.3279 179.4536 0017963 220.9281 139.0604 15.23588606  2219
1 43196U 18015E   18048.60777716  .00000909  00000-0  40776-4 0  9996
2 43196  97.3278 180.1589 0018104 217.5453 142.4549 15.23590518  2329
1 43196U 18015E   18048.93616039  .00000888  00000-0  39913-4 0  9999
2 43196  97.3278 180.4798 0018091 216.5315 143.4687 15.23591021  2374
1 43196U 18015E   18049.59292558  .00001000  00000-0  44569-4 0  9998
2 43196  97.3279 181.1219 0018280 214.2720 145.7340 15.23593084  2479
1 43196U 18015E   18049.92130870  .00000968  00000-0  43216-4 0  9993
2 43196  97.3278 181.4425 0018288 213.2403 146.7681 15.23593593  2525
1 43196U 18015E   18050.64375044  .00001029  00000-0  45765-4 0  9998
2 43196  97.3279 182.1482 0018345 210.7007 149.3160 15.23595517  2634
1 43196U 18015E   18050.90645643  .00001033  00000-0  45910-4 0  9999
2 43196  97.3280 182.4050 0018348 209.6536 150.3662 15.23596102  2671
1 43196U 18015E   18051.89160194  .00001170  00000-0  51608-4 0  9994
2 43196  97.3282 183.3671 0018380 205.9702 154.0617 15.23599253  2820
1 43196U 18015E   18052.94242218  .00001212  00000-0  53361-4 0  9994
2 43196  97.3283 184.3941 0018514 201.9377 158.1069 15.23602140  2988
1 43196U 18015E   18053.59918421  .00001217  00000-0  53548-4 0  9994
2 43196  97.3282 185.0356 0018555 199.7217 160.3305 15.23603842  3087
1 43196U 18015E   18053.92756564  .00001105  00000-0  48911-4 0  9993
2 43196  97.3284 185.3571 0018554 198.8201 161.2339 15.23603925  3138
1 43196U 18015E   18054.58432816  .00001023  00000-0  45474-4 0  9997
2 43196  97.3283 185.9989 0018451 196.4745 163.5878 15.23604841  3231
1 43196U 18015E   18054.91270944  .00000972  00000-0  43387-4 0  9999
2 43196  97.3283 186.3197 0018496 195.1210 164.9476 15.23605216  3280
1 43196U 18015E   18055.30676660  .00000914  00000-0  40972-4 0  9991
2 43196  97.3284 186.7048 0018561 193.4849 166.5895 15.23605587  3343
1 43196U 18015E   18055.56947098  .00000911  00000-0  40837-4 0  9992
2 43196  97.3284 186.9615 0018565 192.5654 167.5122 15.23606076  3385
1 43196U 18015E   18055.89785168  .00000871  00000-0  39158-4 0  9995
2 43196  97.3286 187.2827 0018609 191.2360 168.8464 15.23606423  3430
1 43196U 18015E   18056.55461248  .00000846  00000-0  38104-4 0  9991
2 43196  97.3286 187.9243 0018640 188.7860 171.3054 15.23607425  3538
1 43196U 18015E   18056.88299238  .00000853  00000-0  38393-4 0  9993
2 43196  97.3288 188.2454 0018667 187.4281 172.6673 15.23608036  3585
1 43196U 18015E   18057.60542831  .00000867  00000-0  38973-4 0  9993
2 43196  97.3290 188.9522 0018612 184.8661 175.2393 15.23609361  3696
1 43196U 18015E   18057.93380814  .00000840  00000-0  37869-4 0  9994
2 43196  97.3289 189.2729 0018654 183.5728 176.5371 15.23609801  3748
1 43196U 18015E   18058.19651123  .00000838  00000-0  37800-4 0  9999
2 43196  97.3288 189.5297 0018962 182.7478 177.3659 15.23610248  3784
1 43196U 18015E   18058.59056658  .00000836  00000-0  37694-4 0  9994
2 43196  97.3289 189.9149 0018985 181.3699 178.7489 15.23610933  3844
1 43196U 18015E   18058.91894599  .00000819  00000-0  37002-4 0  9998
2 43196  97.3289 190.2356 0019013 180.2107 179.9124 15.23611422  3892
1 43196U 18015E   18059.57570440  .00000791  00000-0  35840-4 0  9994
2 43196  97.3290 190.8773 0019143 177.8653 182.2665 15.23612349  3992
1 43196U 18015E   18059.90408368  .00000771  00000-0  35005-4 0  9991
2 43196  97.3288 191.1975 0019160 176.7441 183.3925 15.23612829  4040
1 43196U 18015E   18060.62651768  .00000724  00000-0  33043-4 0  9994
2 43196  97.3290 191.9035 0019261 174.1819 185.9646 15.23613628  4159
1 43196U 18015E   18061.54597783  .00000732  00000-0  33346-4 0  9997
2 43196  97.3292 192.8023 0019411 170.8439 189.3156 15.23615056  4292
1 43196U 18015E   18061.94003178  .00000748  00000-0  34040-4 0  9990
2 43196  97.3293 193.1877 0019514 169.2193 190.9460 15.23615739  4358
1 43196U 18015E   18062.59678836  .00000789  00000-0  35733-4 0  9996
2 43196  97.3295 193.8302 0019637 166.8007 193.3761 15.23616951  4452
1 43196U 18015E   18062.92516654  .00000693  00000-0  31714-4 0  9991
2 43196  97.3295 194.1508 0019701 165.7150 194.4638 15.23616947  4509
1 43196U 18015E   18063.58192252  .00000703  00000-0  32160-4 0  9996
2 43196  97.3296 194.7922 0019752 163.5103 196.6781 15.23618035  4600
1 43196U 18015E   18063.91030062  .00000653  00000-0  30055-4 0  9998
2 43196  97.3296 195.1130 0019774 162.3830 197.8097 15.23618247  4657
1 43196U 18015E   18064.50138044  .00000669  00000-0  30731-4 0  9991
2 43196  97.3296 195.6905 0019791 160.3964 199.8040 15.23619180  4744
1 43196U 18015E   18064.89543353  .00000665  00000-0  30567-4 0  9999
2 43196  97.3298 196.0759 0019828 158.9237 201.2821 15.23619702  4807
1 43196U 18015E   18065.55218834  .00000672  00000-0  30840-4 0  9998
2 43196  97.3298 196.7174 0019853 156.6503 203.5642 15.23620685  4903
1 43196U 18015E   18065.88056522  .00000696  00000-0  31827-4 0  9990
2 43196  97.3299 197.0385 0019945 155.3655 204.8529 15.23621280  4953
1 43196U 18015E   18066.60299487  .00000709  00000-0  32370-4 0  9999
2 43196  97.3299 197.7446 0019980 152.8309 207.3979 15.23622393  5061
1 43196U 18015E   18066.93137182  .00000664  00000-0  30519-4 0  9991
2 43196  97.3299 198.0654 0020066 151.6357 208.5968 15.23622621  5114
1 43196U 18015E   18067.32542462  .00000627  00000-0  28985-4 0  9999
2 43196  97.3298 198.4502 0020084 150.2631 209.9762 15.23622947  5173
1 43196U 18015E   18067.58812561  .00000646  00000-0  29774-4 0  9995
2 43196  97.3298 198.7069 0020070 149.3758 210.8653 15.23623443  5215
1 43196U 18015E   18067.91650250  .00000597  00000-0  27747-4 0  9990
2 43196  97.3299 199.0277 0020093 148.1996 212.0454 15.23623618  5269
1 43196U 18015E   18068.44190527  .00000581  00000-0  27078-4 0  9995
2 43196  97.3299 199.5410 0020121 146.3715 213.8808 15.23624187  5347
1 43196U 18015E   18068.90163244  .00000531  00000-0  24984-4 0  9990
2 43196  97.3303 199.9909 0020250 144.7752 215.4829 15.23624402  5415
1 43196U 18015E   18069.55838480  .00000554  00000-0  25938-4 0  9998
2 43196  97.3302 200.6327 0020282 142.5863 217.6789 15.23625299  5517
1 43196U 18015E   18069.88676058  .00000584  00000-0  27183-4 0  9992
2 43196  97.3303 200.9540 0020394 141.3641 218.9050 15.23625853  5569
1 43196U 18015E   18070.21513699  .00000561  00000-0  26215-4 0  9992
2 43196  97.3303 201.2748 0020419 140.2103 220.0636 15.23626112  5611
1 43196U 18015E   18070.60918779  .00000629  00000-0  29029-4 0  9994
2 43196  97.3303 201.6600 0020594 138.9926 221.2884 15.23626989  5679
1 43196U 18015E   18070.93756302  .00000634  00000-0  29266-4 0  9991
2 43196  97.3304 201.9811 0020657 137.7762 222.5063 15.23627458  5723
1 43196U 18015E   18071.52863844  .00000651  00000-0  29937-4 0  9991
2 43196  97.3302 202.5601 0020890 136.2993 223.9903 15.23628619  5812
1 43196U 18015E   18071.59431353  .00000646  00000-0  29746-4 0  9996
2 43196  97.3302 202.6243 0020890 136.0732 224.2169 15.23628678  5828
1 43196U 18015E   18071.92268917  .00000593  00000-0  27553-4 0  9992
2 43196  97.3300 202.9447 0020902 134.9750 225.3174 15.23628760  5871
1 43196U 18015E   18072.57943998  .00000583  00000-0  27110-4 0  9991
2 43196  97.3300 203.5864 0020907 132.7401 227.5597 15.23629543  5979
1 43196U 18015E   18072.90781605  .00000473  00000-0  22580-4 0  9997
2 43196  97.3299 203.9069 0020942 131.7599 228.5431 15.23629209  6027
1 43196U 18015E   18072.90781630  .00000424  00000-0  20511-4 0  9993
2 43196  97.3301 203.9072 0020890 131.7503 228.5514 15.23628869  6025
1 43196U 18015E   18073.89294711 -.00000053  00000-0  73151-6 0  9990
2 43196  97.3304 204.8705 0021080 128.8605 231.4501 15.23625304  6179
1 43196U 18015E   18074.08997302 -.00000070  00000-0  00000+0 0  9993
2 43196  97.3296 205.0792 0020363 120.1317 240.0781 15.23594376  6200
1 43196U 18015E   18074.41837680  .00002332  00000-0  10000-3 0  9999
2 43196  97.3307 205.3925 0021152 126.4633 233.7973 15.23525028  6256
1 43196U 18015E   18075.14086144  .00002328  00000-0  10000-3 0  9996
2 43196  97.3314 206.0888 0021383 122.4477 237.7744 15.23472062  6369
1 43196U 18015E   18075.86338022  .00002327  00000-0  10000-3 0  9999
2 43196  97.3313 206.7969 0021561 120.9107 239.3574 15.23448269  6479
1 43196U 18015E   18076.32317205  .00025530  00000-0  10643-2 0  9994
2 43196  97.3313 207.2461 0021560 119.2932 241.0411 15.23464039  6549
1 43196U 18015E   18076.58590345  .00008206  00000-0  34513-3 0  9994
2 43196  97.3306 207.5016 0020651 117.8549 242.4682 15.23453692  6580
1 43196U 18015E   18076.84863678  .00000466  00000-0  22395-4 0  9991
2 43196  97.3308 207.7579 0021036 117.9122 242.4189 15.23445679  6627
1 43196U 18015E   18076.91432138  .00002326  00000-0  10000-3 0  9998
2 43196  97.3307 207.8217 0021080 117.7260 242.6117 15.23443239  6630
1 43196U 18015E   18076.98000444  .00002322  00000-0  10000-3 0  9992
2 43196  97.3307 207.8859 0021096 117.4873 242.8452 15.23394454  6645
1 43196U 18015E   18077.50548612  .00011875  00000-0  49774-3 0  9998
2 43196  97.3299 208.3988 0021156 114.5346 245.9123 15.23457422  6727
1 43196U 18015E   18077.57115149  .00001557  00000-0  67899-4 0  9995
2 43196  97.3309 208.4623 0021119 114.9846 245.3573 15.23445511  6734
1 43196U 18015E   18077.83388365 -.00000019  00000-0  21545-5 0  9998
2 43196  97.3313 208.7190 0021178 114.0472 246.2977 15.23444355  6779
1 43196U 18015E   18078.55639641  .00002326  00000-0  10000-3 0  9998
2 43196  97.3335 209.4238 0021398 112.7495 247.5928 15.23443676  6885
1 43196U 18015E   18079.54164037  .00002328  00000-0  10000-3 0  9992
2 43196  97.3315 210.3870 0022254 112.9500 247.4501 15.23456339  7031
1 43196U 18015E   18079.60731529  .00002303  00000-0  10000-3 0  9998
2 43196  97.3316 210.4511 0022375 112.6895 247.6259 15.23087844  7047
1 43196U 18015E   18079.87004596  .00002297  00000-0  10000-3 0  9996
2 43196  97.3314 210.7076 0022302 112.2918 248.0138 15.23006428  7080
1 43196U 18015E   18080.13286323  .00002326  00000-0  10000-3 0  9990
2 43196  97.3330 210.9691 0021244 107.0576 253.6692 15.23439784  7126
1 43196U 18015E   18080.32983381  .00002328  00000-0  10000-3 0  9991
2 43196  97.3311 211.1595 0021885 109.1918 251.1691 15.23456189  7158
1 43196U 18015E   18080.59256348  .00002318  00000-0  10000-3 0  9995
2 43196  97.3312 211.4162 0021929 108.2620 252.0359 15.23321930  7191
1 43196U 18015E   18080.78962134  .00002309  00000-0  10000-3 0  9993
2 43196  97.3337 211.6100 0021602 104.3553 255.9775 15.23197014  7224
1 43196U 18015E   18081.11809479  .00002327  00000-0  10000-3 0  9993
2 43196  97.3337 211.9309 0021601 103.2002 257.4579 15.23446931  7273
1 43196U 18015E   18082.16896469  .00002325  00000-0  10000-3 0  9992
2 43196  97.3316 212.9559 0021123  99.7239 260.5387 15.23434622  7432
1 43196U 18015E   18082.56308269  .00001312  00000-0  57715-4 0  9992
2 43196  97.3316 213.3409 0021123  98.3373 262.0260 15.23434778  7490
1 43196U 18015E   18082.56308271  .00001304  00000-0  57394-4 0  9999
2 43196  97.3316 213.3409 0021123  98.3373 262.0261 15.23434780  7494
1 43196U 18015E   18082.89149936  .00000450  00000-0  21732-4 0  9994
2 43196  97.3326 213.6633 0021302  97.8726 262.4912 15.23433805  7542
1 43196U 18015E   18083.54833356  .00000455  00000-0  21919-4 0  9995
2 43196  97.3321 214.3059 0021391  96.0370 264.3311 15.23434085  7647
1 43196U 18015E   18083.87674941  .00000834  00000-0  37749-4 0  9993
2 43196  97.3326 214.6278 0021457  94.9904 265.3782 15.23435777  7698
1 43196U 18015E   18083.94243312  .00000585  00000-0  27367-4 0  9993
2 43196  97.3325 214.6917 0021492  94.8754 265.4937 15.23435039  7704
1 43196U 18015E   18084.59926560  .00000780  00000-0  35476-4 0  9995
2 43196  97.3325 215.3349 0021500  92.5523 267.8175 15.23436595  7809
1 43196U 18015E   18084.92768216  .00000356  00000-0  17804-4 0  9998
2 43196  97.3324 215.6558 0021444  91.4160 268.9514 15.23435624  7851
1 43196U 18015E   18085.58451441  .00000543  00000-0  25607-4 0  9998
2 43196  97.3323 216.2978 0021402  88.9053 271.4624 15.23437010  7952
1 43196U 18015E   18085.91293075  .00000430  00000-0  20898-4 0  9994
2 43196  97.3322 216.6186 0021447  87.9224 272.4460 15.23436943  8004
1 43196U 18015E   18086.50407932  .00000520  00000-0  24644-4 0  9992
2 43196  97.3321 217.1956 0021427  85.9141 274.4543 15.23437917  8093
1 43196U 18015E   18086.63544566  .00000562  00000-0  26387-4 0  9993
2 43196  97.3321 217.3240 0021439  85.4657 274.9035 15.23438247  8112
1 43196U 18015E   18086.89817808  .00000573  00000-0  26845-4 0  9994
2 43196  97.3324 217.5812 0021462  84.5311 275.8375 15.23438616  8156
1 43196U 18015E   18087.55500814  .00000766  00000-0  34922-4 0  9993
2 43196  97.3324 218.2229 0021379  82.3172 278.0495 15.23440426  8255
1 43196U 18015E   18087.88342263  .00000890  00000-0  40060-4 0  9999
2 43196  97.3326 218.5439 0021441  81.2962 279.0696 15.23441556  8303
1 43196U 18015E   18088.60593483  .00000969  00000-0  43360-4 0  9995
2 43196  97.3324 219.2500 0021402  78.8517 281.5128 15.23443332  8417
1 43196U 18015E   18088.86866610  .00000979  00000-0  43780-4 0  9995
2 43196  97.3325 219.5069 0021441  78.0574 282.3055 15.23443914  8457
1 43196U 18015E   18088.93434917  .00000934  00000-0  41925-4 0  9994
2 43196  97.3325 219.5711 0021439  77.8729 282.4899 15.23443829  8460
1 43196U 18015E   18089.59117792  .00000905  00000-0  40689-4 0  9990
2 43196  97.3325 220.2131 0021435  75.5670 284.7939 15.23444954  8562
1 43196U 18015E   18090.24800711  .00000722  00000-0  33083-4 0  9991
2 43196  97.3328 220.8554 0021408  73.1475 287.2110 15.23445139  8663
1 43196U 18015E   18090.57642093  .00000703  00000-0  32296-4 0  9998
2 43196  97.3327 221.1762 0021364  72.1994 288.1570 15.23445559  8715
1 43196U 18015E   18090.90483540  .00000577  00000-0  27021-4 0  9994
2 43196  97.3329 221.4975 0021349  71.0671 289.2873 15.23445354  8765
1 43196U 18015E   18091.56166292  .00000607  00000-0  28258-4 0  9996
2 43196  97.3330 222.1396 0021315  68.8188 291.5323 15.23446350  8866
1 43196U 18015E   18091.56166294  .00000604  00000-0  28162-4 0  9999
2 43196  97.3330 222.1396 0021315  68.8271 291.5240 15.23446337  8862
1 43196U 18015E   18091.89007659  .00000584  00000-0  27296-4 0  9998
2 43196  97.3332 222.4607 0021337  67.8520 292.4972 15.23446649  8916
1 43196U 18015E   18092.54690371  .00000565  00000-0  26503-4 0  9999
2 43196  97.3332 223.1026 0021297  65.8479 294.4982 15.23447361  9012
1 43196U 18015E   18092.87531700  .00000589  00000-0  27538-4 0  9990
2 43196  97.3334 223.4238 0021323  64.7689 295.5756 15.23447901  9069
1 43196U 18015E   18092.94099988  .00000547  00000-0  25758-4 0  9991
2 43196  97.3334 223.4880 0021314  64.6346 295.7094 15.23447732  9071
1 43196U 18015E   18093.59782660  .00000506  00000-0  24069-4 0  9998
2 43196  97.3337 224.1308 0021313  62.3886 297.9510 15.23448216  9176
1 43196U 18015E   18093.92624010  .00000452  00000-0  21816-4 0  9996
2 43196  97.3337 224.4516 0021286  61.1703 299.1653 15.23448170  9221
1 43196U 18015E   18094.18897050  .00000469  00000-0  22524-4 0  9996
2 43196  97.3336 224.7082 0021223  60.4945 299.8406 15.23448588  9262
1 43196U 18015E   18094.64874856  .00000482  00000-0  23067-4 0  9994
2 43196  97.3336 225.1576 0021198  58.8488 301.4824 15.23449194  9335
1 43196U 18015E   18094.64874856  .00000506  00000-0  24072-4 0  9998
2 43196  97.3335 225.1582 0021194  59.0678 301.2646 15.23449327  9339
1 43196U 18015E   18094.91147911  .00000462  00000-0  22213-4 0  9999
2 43196  97.3336 225.4149 0021182  58.2106 302.1188 15.23449257  9373
1 43196U 18015E   18095.17421001  .00000438  00000-0  21235-4 0  9999
2 43196  97.3337 225.6715 0021155  57.4077 302.9207 15.23449241  9411
1 43196U 18015E   18095.37125715  .00000459  00000-0  22100-4 0  9999
2 43196  97.3340 225.8640 0021134  56.7369 303.5887 15.23449686  9444
1 43196U 18015E   18095.56830487  .00000461  00000-0  22181-4 0  9991
2 43196  97.3341 226.0566 0021135  56.0596 304.2647 15.23449911  9477
1 43196U 18015E   18095.96240012  .00000461  00000-0  22174-4 0  9996
2 43196  97.3343 226.4421 0021147  54.7914 305.5299 15.23450327  9532
1 43196U 18015E   18096.35649527  .00000462  00000-0  22234-4 0  9992
2 43196  97.3344 226.8275 0021147  53.5286 306.7896 15.23450725  9597
1 43196U 18015E   18096.42217778  .00000463  00000-0  22245-4 0  9992
2 43196  97.3346 226.8918 0021147  53.3055 307.0121 15.23450794  9608
1 43196U 18015E   18096.55354276  .00000470  00000-0  22566-4 0  9995
2 43196  97.3348 227.0200 0021161  52.8572 307.4594 15.23450991  9620
1 43196U 18015E   18096.61922510  .00000514  00000-0  24388-4 0  9997
2 43196  97.3353 227.0852 0021186  52.9820 307.3365 15.23451408  9633
1 43196U 18015E   18096.94763686  .00000546  00000-0  25719-4 0  9994
2 43196  97.3355 227.4061 0021202  51.9855 308.3289 15.23452062  9685
1 43196U 18015E   18097.53877882  .00000547  00000-0  25756-4 0  9996
2 43196  97.3354 227.9841 0021203  50.0054 310.3041 15.23452786  9779
1 43196U 18015E   18097.86719087  .00000542  00000-0  25570-4 0  9993
2 43196  97.3354 228.3051 0021206  48.8382 311.4679 15.23453161  9822
1 43196U 18015E   18097.93287328  .00000540  00000-0  25493-4 0  9991
2 43196  97.3354 228.3693 0021205  48.6131 311.6924 15.23453228  9833
1 43196U 18015E   18098.58969718  .00000528  00000-0  24996-4 0  9996
2 43196  97.3359 229.0113 0021198  46.4777 313.8207 15.23453833  9937
1 43196U 18015E   18098.91810963  .00000469  00000-0  22496-4 0  9997
2 43196  97.3358 229.3322 0021190  45.3935 314.9023 15.23453775  9985
1 43196U 18015E   18099.57493340  .00000443  00000-0  21448-4 0  9994
2 43196  97.3359 229.9741 0021184  43.1295 317.1596 15.23454264 10082
1 43196U 18015E   18099.90334513  .00000425  00000-0  20665-4 0  9997
2 43196  97.3359 230.2952 0021179  42.0133 318.2717 15.23454468 10133
1 43196U 18015E   18100.49448547  .00000456  00000-0  21960-4 0  9990
2 43196  97.3359 230.8733 0021080  39.9832 320.2954 15.23455273 10229
1 43196U 18015E   18100.62584999  .00000458  00000-0  22048-4 0  9997
2 43196  97.3359 231.0018 0021078  39.5292 320.7479 15.23455424 10248
1 43196U 18015E   18100.88857888  .00000475  00000-0  22758-4 0  9992
2 43196  97.3359 231.2587 0021067  38.7699 321.5045 15.23455815 10287
1 43196U 18015E   18101.54540125  .00000482  00000-0  23051-4 0  9994
2 43196  97.3358 231.9010 0021047  36.4427 323.8240 15.23456557 10383
1 43196U 18015E   18101.87381151  .00000565  00000-0  26536-4 0  9995
2 43196  97.3358 232.2219 0021000  35.8517 324.4125 15.23457446 10433
1 43196U 18015E   18101.93949370  .00000564  00000-0  26489-4 0  9991
2 43196  97.3358 232.2861 0020999  35.6267 324.6367 15.23457522 10448
1 43196U 18015E   18102.59631492  .00000615  00000-0  28610-4 0  9992
2 43196  97.3359 232.9286 0021001  33.2606 326.9948 15.23458662 10540
1 43196U 18015E   18102.92472589  .00000539  00000-0  25436-4 0  9997
2 43196  97.3355 233.2489 0020954  32.0344 328.2161 15.23458693 10598
1 43196U 18015E   18103.12177186  .00000637  00000-0  29512-4 0  9993
2 43196  97.3355 233.4416 0020842  31.4473 328.8021 15.23459661 10623
1 43196U 18015E   18103.31881742  .00000690  00000-0  31744-4 0  9993
2 43196  97.3356 233.6342 0020784  30.6461 329.5992 15.23460329 10658
1 43196U 18015E   18103.64722750  .00000690  00000-0  31725-4 0  9991
2 43196  97.3358 233.9556 0020771  29.5282 330.7125 15.23460820 10708
1 43196U 18015E   18103.97563758  .00000685  00000-0  31552-4 0  9990
2 43196  97.3356 234.2763 0020762  28.4086 331.8276 15.23461291 10757
1 43196U 18015E   18104.56677558  .00000687  00000-0  31634-4 0  9993
2 43196  97.3358 234.8541 0020763  26.3844 333.8446 15.23462170 10847
1 43196U 18015E   18104.63245755  .00000685  00000-0  31552-4 0  9998
2 43196  97.3358 234.9184 0020762  26.1546 334.0734 15.23462254 10854
1 43196U 18015E   18104.96086735  .00000683  00000-0  31443-4 0  9992
2 43196  97.3358 235.2394 0020752  25.0381 335.1857 15.23462729 10906
1 43196U 18015E   18105.02655022  .00000582  00000-0  27229-4 0  9996
2 43196  97.3358 235.3035 0020504  25.0732 335.1525 15.23462029 10910
1 43196U 18015E   18105.22359492  .00000644  00000-0  29831-4 0  9990
2 43196  97.3359 235.4965 0020328  24.9361 335.2856 15.23462770 10948
1 43196U 18015E   18105.35495872  .00000645  00000-0  29857-4 0  9996
2 43196  97.3360 235.6249 0020328  24.4815 335.7381 15.23462972 10960
1 43196U 18015E   18105.61768634  .00000665  00000-0  30691-4 0  9994
2 43196  97.3361 235.8818 0020358  23.5093 336.7071 15.23463505 11002
1 43196U 18015E   18105.94609578  .00000668  00000-0  30834-4 0  9993
2 43196  97.3361 236.2027 0020350  22.4055 337.8065 15.23464014 11053
1 43196U 18015E   18106.53723251  .00000679  00000-0  31304-4 0  9999
2 43196  97.3361 236.7806 0020347  20.3356 339.8686 15.23464965 11146
1 43196U 18015E   18106.60291436  .00000689  00000-0  31699-4 0  9990
2 43196  97.3361 236.8450 0020333  20.1502 340.0538 15.23465126 11159
1 43196U 18015E   18106.93132339  .00000677  00000-0  31198-4 0  9993
2 43196  97.3361 237.1660 0020322  19.0036 341.1950 15.23465545 11204
1 43196U 18015E   18107.58814121  .00000676  00000-0  31149-4 0  9996
2 43196  97.3362 237.8082 0020236  16.7153 343.4744 15.23466518 11306
1 43196U 18015E   18107.91654926  .00000829  00000-0  37537-4 0  9995
2 43196  97.3362 238.1293 0020245  15.7945 344.3943 15.23468014 11351
1 43196U 18015E   18107.91654986  .00000725  00000-0  33218-4 0  9998
2 43196  97.3362 238.1292 0020248  15.6276 344.5592 15.23467338 11359
1 43196U 18015E   18108.31063970  .00063090  00000-0  26057-2 0  9995
2 43196  97.3378 238.5135 0020168  13.1452 347.2182 15.23586266 11410
1 43196U 18015E   18108.31063971  .00063090  00000-0  26057-2 0  9996
2 43196  97.3378 238.5135 0020168  13.1452 347.2182 15.23586266 11410
1 43196U 18015E   18108.63898412  .00023385  00000-0  97327-3 0  9999
2 43196  97.3378 238.8346 0020164  11.9726 348.1224 15.23566803 11460
1 43196U 18015E   18108.90171318  .00010931  00000-0  45721-3 0  9992
2 43196  97.3377 239.0926 0020738  11.5384 348.6279 15.23557898 11503
1 43196U 18015E   18108.90171401  .00010851  00000-0  45391-3 0  9999
2 43196  97.3377 239.0924 0020762  11.5352 348.6351 15.23557772 11505
1 43196U 18015E   18109.62417406  .00000701  00000-0  32138-4 0  9996
2 43196  97.3365 239.8023 0019670   8.3937 351.7624 15.23547575 11619
1 43196U 18015E   18109.88688683  .00001542  00000-0  67176-4 0  9995
2 43196  97.3365 240.0590 0019723   7.5402 352.6141 15.23550030 11657
1 43196U 18015E   18110.21527034  .00007748  00000-0  32513-3 0  9996
2 43196  97.3369 240.3791 0019795   5.9961 354.1514 15.23568022 11705
1 43196U 18015E   18110.60933109  .00010018  00000-0  41929-3 0  9998
2 43196  97.3375 240.7635 0019734   4.4257 355.7152 15.23580632 11760
1 43196U 18015E   18110.93771537  .00009086  00000-0  38058-3 0  9991
2 43196  97.3374 241.0847 0019683   3.5812 356.5534 15.23584540 11819
1 43196U 18015E   18111.52880880  .00007210  00000-0  30254-3 0  9996
2 43196  97.3374 241.6630 0020143   2.0012 358.1296 15.23588580 11905
1 43196U 18015E   18111.59448541  .00006365  00000-0  26750-3 0  9993
2 43196  97.3373 241.7271 0020113   1.3350 358.7885 15.23586810 11915
1 43196U 18015E   18111.92287221  .00004106  00000-0  17368-3 0  9992
2 43196  97.3374 242.0484 0020054 359.8955   0.2241 15.23583090 11969
1 43196U 18015E   18112.25125858  .00003184  00000-0  13534-3 0  9992
2 43196  97.3374 242.3695 0020038 359.1007   1.0190 15.23582308 12019
1 43196U 18015E   18112.57964279  .00002741  00000-0  11694-3 0  9998
2 43196  97.3375 242.6911 0020175 357.7906   2.3207 15.23582798 12069
1 43196U 18015E   18112.90803048  .00001225  00000-0  53903-4 0  9997
2 43196  97.3374 243.0115 0020051 356.4848   3.6238 15.23578629 12115
1 43196U 18015E   18113.23641742  .00000439  00000-0  21230-4 0  9999
2 43196  97.3375 243.3326 0019890 355.5575   4.5483 15.23576134 12165
1 43196U 18015E   18113.63048014  .00000207  00000-0  11575-4 0  9990
2 43196  97.3376 243.7180 0019862 354.0839   6.0157 15.23575573 12222
1 43196U 18015E   18113.82751214 -.00000022  00000-0  20057-5 0  9996
2 43196  97.3376 243.9150 0014994 350.0429  10.0386 15.23563500 12252
1 43196U 18015E   18115.14106707 -.00000023  00000-0  20057-5 0  9995
2 43196  97.3375 245.1954 0019147 348.8437  11.2793 15.23570851 12450
1 43196U 18015E   18115.92918830 -.00000030  00000-0  17011-5 0  9993
2 43196  97.3373 245.9661 0019607 346.4958  13.5743 15.23571306 12573
1 43196U 18015E   18116.19189607 -.00000040  00000-0  12668-5 0  9999
2 43196  97.3378 246.2244 0019336 345.0898  14.9733 15.23571316 12616
1 43196U 18015E   18116.25757396 -.00000040  00000-0  12668-5 0  9992
2 43196  97.3377 246.2885 0019330 344.8520  15.2137 15.23571326 12623
1 43196U 18015E   18116.91434734 -.00000040  00000-0  12668-5 0  9993
2 43196  97.3375 246.9311 0019410 342.7468  17.3088 15.23571034 12724
1 43196U 18015E   18117.24273494 -.00000040  00000-0  12668-5 0  9994
2 43196  97.3378 247.2523 0019074 341.5275  18.5268 15.23570474 12770
1 43196U 18015E   18117.89950823 -.00000040  00000-0  12668-5 0  9993
2 43196  97.3378 247.8945 0019067 339.1454  20.8977 15.23570128 12878
1 43196U 18015E   18118.22789532 -.00000040  00000-0  12668-5 0  9998
2 43196  97.3380 248.2161 0018947 337.8513  22.1886 15.23569847 12929
1 43196U 18015E   18119.54144071  .00000131  00000-0  84219-5 0  9998
2 43196  97.3379 249.5014 0018748 333.0407  26.9856 15.23571155 13124
1 43196U 18015E   18119.60711794  .00000141  00000-0  88105-5 0  9996
2 43196  97.3379 249.5657 0018747 332.8099  27.2158 15.23571257 13133
1 43196U 18015E   18119.93550382  .00000176  00000-0  10265-4 0  9995
2 43196  97.3379 249.8870 0018666 331.7119  28.3100 15.23571684 13182
1 43196U 18015E   18120.59227585  .00000228  00000-0  12436-4 0  9995
2 43196  97.3381 250.5293 0018649 329.1814  30.8332 15.23572414 13285
1 43196U 18015E   18120.85498457  .00000237  00000-0  12835-4 0  9995
2 43196  97.3382 250.7864 0018628 328.2783  31.7329 15.23572637 13322
1 43196U 18015E   18120.92066194  .00000206  00000-0  11541-4 0  9991
2 43196  97.3381 250.8504 0018760 328.0219  31.9862 15.23572468 13339
1 43196U 18015E   18121.64311130  .00000238  00000-0  12865-4 0  9999
2 43196  97.3383 251.5570 0018726 325.3161  34.6855 15.23573100 13448
1 43196U 18015E   18121.97149740  .00000226  00000-0  12362-4 0  9990
2 43196  97.3385 251.8784 0018700 324.1728  35.8252 15.23573216 13495
1 43196U 18015E   18122.16852853  .00000269  00000-0  14164-4 0  9997
2 43196  97.3392 252.0717 0018579 323.2035  36.7927 15.23573751 13524
1 43196U 18015E   18122.56259135  .00000286  00000-0  14857-4 0  9993
2 43196  97.3393 252.4573 0018557 321.7476  38.2446 15.23574185 13588
1 43196U 18015E   18122.95665420  .00000295  00000-0  15241-4 0  9992
2 43196  97.3393 252.8427 0018533 320.3794  39.6086 15.23574549 13648
1 43196U 18015E   18123.41639437  .00000254  00000-0  13518-4 0  9993
2 43196  97.3395 253.2924 0018412 318.4735  41.5108 15.23574612 13712
1 43196U 18015E   18123.61342559  .00000271  00000-0  14252-4 0  9996
2 43196  97.3396 253.4852 0018426 317.7824  42.1995 15.23574889 13741
1 43196U 18015E   18123.94181101  .00000291  00000-0  15073-4 0  9990
2 43196  97.3397 253.8066 0018347 316.6261  43.3530 15.23575276 13792
1 43196U 18015E   18124.46722793  .00000300  00000-0  15460-4 0  9997
2 43196  97.3397 254.3207 0018334 314.7208  45.2535 15.23575722 13872
1 43196U 18015E   18124.59858215  .00000311  00000-0  15886-4 0  9994
2 43196  97.3398 254.4496 0018314 314.2808  45.6931 15.23575889 13893
1 43196U 18015E   18124.92696756  .00000295  00000-0  15253-4 0  9990
2 43196  97.3398 254.7708 0018374 313.1469  46.8218 15.23576037 13942
1 43196U 18015E   18125.58373892  .00000289  00000-0  14988-4 0  9993
2 43196  97.3399 255.4136 0018341 310.8317  49.1328 15.23576444 14048
1 43196U 18015E   18125.64941603  .00000291  00000-0  15063-4 0  9999
2 43196  97.3399 255.4779 0018342 310.5972  49.3670 15.23576503 14055
1 43196U 18015E   18125.91212448  .00000277  00000-0  14481-4 0  9994
2 43196  97.3399 255.7350 0018324 309.6495  50.3125 15.23576598 14097
1 43196U 18015E   18126.56889532  .00000261  00000-0  13814-4 0  9992
2 43196  97.3399 256.3776 0018324 307.1164  52.8398 15.23576938 14190
1 43196U 18015E   18126.89728065  .00000263  00000-0  13927-4 0  9998
2 43196  97.3400 256.6991 0018301 305.9708  53.9829 15.23577165 14240
1 43196U 18015E   18126.89728072  .00000263  00000-0  13899-4 0  9994
2 43196  97.3398 256.6988 0018326 305.9676  53.9861 15.23577171 14246
1 43196U 18015E   18127.61972802  .00000307  00000-0  15735-4 0  9997
2 43196  97.3400 257.4059 0018320 303.3214  56.6271 15.23577939 14351
1 43196U 18015E   18127.94811352  .00000238  00000-0  12858-4 0  9991
2 43196  97.3404 257.7277 0018051 301.8839  58.0641 15.23577707 14403
1 43196U 18015E   18128.21082075  .00000296  00000-0  15281-4 0  9991
2 43196  97.3406 257.9847 0018000 300.4966  59.4492 15.23578458 14447
1 43196U 18015E   18128.53920600  .00000270  00000-0  14219-4 0  9993
2 43196  97.3405 258.3060 0018002 299.3251  60.6182 15.23578521 14499
1 43196U 18015E   18128.80191423  .00002326  00000-0  10000-3 0  9993
2 43196  97.3416 258.5616 0017712 298.2155  61.5046 15.23525170 14534
1 43196U 18015E   18129.19603103  .00002326  00000-0  10000-3 0  9999
2 43196  97.3416 258.9469 0017196 296.1786  63.7567 15.23523248 14599
1 43196U 18015E   18131.29776808  .00001108  00000-0  49199-4 0  9995
2 43196  97.3407 261.0045 0017650 287.6928  72.2177 15.23527009 14919
1 43196U 18015E   18131.56048876  .00001205  00000-0  53236-4 0  9997
2 43196  97.3405 261.2616 0017659 286.8021  73.1279 15.23527977 14958
1 43196U 18015E   18131.88888492  .00001136  00000-0  50355-4 0  9990
2 43196  97.3407 261.5828 0017658 285.7427  74.1855 15.23528600 15007
1 43196U 18015E   18132.41431969  .00000818  00000-0  37066-4 0  9993
2 43196  97.3406 262.0968 0017622 283.9120  76.0157 15.23528436 15089
1 43196U 18015E   18132.61135732  .00000855  00000-0  38636-4 0  9999
2 43196  97.3406 262.2896 0017610 283.2172  76.7102 15.23528930 15118
1 43196U 18015E   18132.93975301  .00000897  00000-0  40387-4 0  9990
2 43196  97.3407 262.6110 0017550 281.9099  78.0166 15.23529752 15161
1 43196U 18015E   18133.53086611  .00000813  00000-0  36886-4 0  9991
2 43196  97.3408 263.1899 0017542 280.0695  79.8563 15.23530387 15251
1 43196U 18015E   18133.59654527  .00000809  00000-0  36719-4 0  9994
2 43196  97.3411 263.2545 0017540 279.8481  80.0776 15.23530476 15261
1 43196U 18015E   18133.92494155  .00000542  00000-0  25565-4 0  9991
2 43196  97.3407 263.5752 0017578 278.6514  81.2723 15.23529945 15314
1 43196U 18015E   18134.97580898  .00000343  00000-0  17250-4 0  9998
2 43196  97.3413 264.6038 0017634 274.8410  85.0813 15.23530170 15477
