1 43197U 18015F   18033.71985063 -.00000071  00000-0  00000+0 0  9991
2 43197  97.3385 165.6142 0018018 274.8998 198.8400 15.23511273    67
1 43197U 18015F   18033.91968763 -.00000070  00000-0  00000+0 0  9990
2 43197  97.3238 165.8218 0017087 278.9609 210.0197 15.23432101    94
1 43197U 18015F   18034.29523421 -.00000071  00000-0  00000+0 0  9991
2 43197  97.3292 166.1820 0017570 270.3259 117.0067 15.23441962   155
1 43197U 18015F   18034.43762938 -.00000071  00000-0  00000+0 0  9995
2 43197  97.3261 166.3179 0017670 270.4607 177.3356 15.23455244   179
1 43197U 18015F   18034.57769367 -.00000071  00000-0  00000-0 0  9994
2 43197  97.3289 166.4565 0017564 267.9923 227.4795 15.23446759   190
1 43197U 18015F   18034.94705880  .00001535  00000-0  67139-4 0  9990
2 43197  97.3286 166.8158 0017596 266.8898  93.0309 15.23448619   255
1 43197U 18015F   18035.53820420  .00000679  00000-0  31355-4 0  9993
2 43197  97.3277 167.3939 0017549 264.5293  95.3926 15.23447972   341
1 43197U 18015F   18035.60388711  .00000672  00000-0  31046-4 0  9993
2 43197  97.3278 167.4583 0017559 264.3698  95.5528 15.23448052   357
1 43197U 18015F   18035.93230137 -.00000030  00000-0  17004-5 0  9995
2 43197  97.3277 167.7787 0017495 262.8513  97.0719 15.23446775   408
1 43197U 18015F   18036.32639817  .00000381  00000-0  18885-4 0  9992
2 43197  97.3277 168.1636 0017521 261.4712  98.4552 15.23447979   465
1 43197U 18015F   18036.91754334  .00000143  00000-0  89481-5 0  9996
2 43197  97.3276 168.7406 0017525 259.4831 100.4431 15.23447680   557
1 43197U 18015F   18037.20215458  .00000181  00000-0  10523-4 0  9990
2 43197  97.3274 169.0189 0017527 258.4124 221.4371 15.23447825   595
1 43197U 18015F   18037.51960257  .00000249  00000-0  13370-4 0  9996
2 43197  97.3274 169.3288 0017544 257.2649 162.4838 15.23448309   642
1 43197U 18015F   18037.86536559  .00000336  00000-0  17018-4 0  9998
2 43197  97.3278 169.6664 0017528 256.0894 258.7509 15.23448931   698
1 43197U 18015F   18037.92420154  .00000332  00000-0  16841-4 0  9997
2 43197  97.3278 169.7238 0017527 255.8826 221.4312 15.23448954   703
1 43197U 18015F   18038.43572111  .00000476  00000-0  22846-4 0  9996
2 43197  97.3278 170.2233 0017579 253.8810 147.0242 15.23450321   787
1 43197U 18015F   18038.84995385  .00000462  00000-0  22249-4 0  9995
2 43197  97.3275 170.6277 0017580 252.3186 258.9558 15.23450765   849
1 43197U 18015F   18039.17341613  .00000514  00000-0  24440-4 0  9994
2 43197  97.3278 170.9433 0017571 251.1931 232.9479 15.23451421   893
1 43197U 18015F   18039.35822628  .00000571  00000-0  26826-4 0  9997
2 43197  97.3277 171.1238 0017588 250.6116 166.4589 15.23452090   925
1 43197U 18015F   18039.83054242  .00000559  00000-0  26335-4 0  9990
2 43197  97.3277 171.5849 0017590 248.9594 236.8312 15.23452596   994
1 43197U 18015F   18039.89438791  .00000515  00000-0  24474-4 0  9995
2 43197  97.3273 171.6473 0017591 248.6707 227.0494 15.23452355  1007
1 43197U 18015F   18040.41230257  .00000688  00000-0  31731-4 0  9997
2 43197  97.3273 172.1529 0017644 247.0053 187.3710 15.23454655  1083
1 43197U 18015F   18040.60724716  .00000681  00000-0  31428-4 0  9992
2 43197  97.3271 172.3435 0017632 246.3720 176.4779 15.23454842  1115
1 43197U 18015F   18040.87994968  .00000637  00000-0  29600-4 0  9999
2 43197  97.3269 172.6088 0017635 245.1763 232.3334 15.23454986  1158
1 43197U 18015F   18040.94570300  .00000613  00000-0  28567-4 0  9992
2 43197  97.3269 172.6730 0017659 244.9558 232.9412 15.23454880  1164
1 43197U 18015F   18041.32909653  .00000844  00000-0  38249-4 0  9996
2 43197  97.3269 173.0479 0017632 243.9627 175.2889 15.23457108  1226
1 43197U 18015F   18041.86528440  .00000805  00000-0  36593-4 0  9993
2 43197  97.3265 173.5714 0017693 241.4855 236.5726 15.23457793  1302
1 43197U 18015F   18041.93076361  .00000773  00000-0  35267-4 0  9992
2 43197  97.3264 173.6353 0017714 241.1703 235.7731 15.23457636  1318
1 43197U 18015F   18042.31342528  .00000861  00000-0  38929-4 0  9992
2 43197  97.3264 174.0095 0017811 239.9337 174.3519 15.23458844  1372
1 43197U 18015F   18042.85665338  .00000726  00000-0  33274-4 0  9996
2 43197  97.3264 174.5389 0018099 237.5642 274.1109 15.23458637  1458
1 43197U 18015F   18043.17965456  .00000558  00000-0  26286-4 0  9994
2 43197  97.3266 174.8548 0018247 236.1308 245.8849 15.23457840  1506
1 43197U 18015F   18043.49802317  .00000557  00000-0  26211-4 0  9992
2 43197  97.3266 175.1655 0018192 235.3860 191.5870 15.23458452  1558
1 43197U 18015F   18043.83308288  .00000642  00000-0  29762-4 0  9997
2 43197  97.3270 175.4930 0018156 233.7859 229.6308 15.23459555  1602
1 43197U 18015F   18044.15809394  .00000666  00000-0  30762-4 0  9995
2 43197  97.3270 175.8115 0018281 231.8323 212.9517 15.23460170  1652
1 43197U 18015F   18044.48205943  .00000715  00000-0  32846-4 0  9991
2 43197  97.3269 176.1279 0018297 230.9786 189.4409 15.23461063  1701
1 43197U 18015F   18044.82785677  .00000773  00000-0  35238-4 0  9998
2 43197  97.3272 176.4660 0018252 229.3595 286.3575 15.23462045  1750
1 43197U 18015F   18045.15077606  .00000786  00000-0  35798-4 0  9996
2 43197  97.3265 176.7810 0018279 228.2790 257.3389 15.23462518  1808
1 43197U 18015F   18045.53358883  .00000837  00000-0  37907-4 0  9998
2 43197  97.3264 177.1547 0018275 227.0798 196.7147 15.23463515  1862
1 43197U 18015F   18045.87218030  .00000865  00000-0  39089-4 0  9998
2 43197  97.3267 177.4857 0018282 225.8167 253.7809 15.23464270  1910
1 43197U 18015F   18046.12891339  .00000836  00000-0  37868-4 0  9997
2 43197  97.3267 177.7365 0018292 224.6112 222.1264 15.23464395  1952
1 43197U 18015F   18046.32544414  .00000862  00000-0  38980-4 0  9993
2 43197  97.3266 177.9284 0018305 223.9397 219.9744 15.23464952  1984
1 43197U 18015F   18046.44885914  .00000837  00000-0  37913-4 0  9996
2 43197  97.3265 178.0488 0018299 223.4859 176.8594 15.23465038  2005
1 43197U 18015F   18046.85846597  .00000854  00000-0  38622-4 0  9992
2 43197  97.3266 178.4487 0018308 221.9796 263.4026 15.23465883  2060
1 43197U 18015F   18047.11399245  .00000816  00000-0  37034-4 0  9999
2 43197  97.3268 178.6985 0018293 221.0095 224.8995 15.23465962  2102
1 43197U 18015F   18047.43417329  .00000842  00000-0  38140-4 0  9996
2 43197  97.3267 179.0112 0018322 219.9415 180.8673 15.23466838  2155
1 43197U 18015F   18047.84385696  .00000841  00000-0  38060-4 0  9992
2 43197  97.3267 179.4113 0018315 218.4008 267.8690 15.23467654  2213
1 43197U 18015F   18048.16429012  .00000886  00000-0  39943-4 0  9999
2 43197  97.3269 179.7247 0018336 217.0168 225.5382 15.23468565  2267
1 43197U 18015F   18048.41858454  .00000903  00000-0  40670-4 0  9992
2 43197  97.3270 179.9732 0018344 216.0975 180.2376 15.23469196  2300
1 43197U 18015F   18048.82987796  .00000879  00000-0  39684-4 0  9994
2 43197  97.3268 180.3749 0018259 214.6373 275.9823 15.23469768  2362
1 43197U 18015F   18049.15735044  .00000947  00000-0  42492-4 0  9995
2 43197  97.3270 180.6947 0018355 213.2705 272.2211 15.23470966  2418
1 43197U 18015F   18049.47511816  .00001008  00000-0  45044-4 0  9994
2 43197  97.3269 181.0052 0018369 212.2114 214.9609 15.23472151  2463
1 43197U 18015F   18049.81510093  .00001023  00000-0  45683-4 0  9994
2 43197  97.3270 181.3374 0018396 210.8338 279.7786 15.23473013  2516
1 43197U 18015F   18050.14252722  .00001039  00000-0  46321-4 0  9991
2 43197  97.3272 181.6572 0018399 209.6694 275.5601 15.23473740  2567
1 43197U 18015F   18050.45543846  .00001118  00000-0  49657-4 0  9998
2 43197  97.3272 181.9628 0018365 208.8288 191.4644 15.23474998  2610
1 43197U 18015F   18050.73046083  .00001124  00000-0  49883-4 0  9998
2 43197  97.3271 182.2315 0018375 207.7660 259.9226 15.23475696  2655
1 43197U 18015F   18051.12049024  .00001091  00000-0  48488-4 0  9993
2 43197  97.3273 182.6123 0018399 206.3826 239.0523 15.23476306  2718
1 43197U 18015F   18051.44073277  .00001156  00000-0  51221-4 0  9996
2 43197  97.3276 182.9251 0018474 205.2275 195.4584 15.23477554  2769
1 43197U 18015F   18051.78109924  .00001157  00000-0  51245-4 0  9999
2 43197  97.3276 183.2575 0018500 203.9495 262.2857 15.23478441  2819
1 43197U 18015F   18052.10590078  .00001142  00000-0  50620-4 0  9990
2 43197  97.3280 183.5752 0018506 202.7547 243.7175 15.23479072  2868
1 43197U 18015F   18052.43170317  .00001206  00000-0  53315-4 0  9991
2 43197  97.3280 183.8936 0018438 201.6727 230.5265 15.23480392  2914
1 43197U 18015F   18052.76632605  .00001200  00000-0  53065-4 0  9996
2 43197  97.3281 184.2207 0018609 200.2630 266.0095 15.23481232  2963
1 43197U 18015F   18053.15987072  .00001169  00000-0  51741-4 0  9994
2 43197  97.3280 184.6049 0018612 198.8343 264.4591 15.23481905  3025
1 43197U 18015F   18053.41689443  .00001186  00000-0  52451-4 0  9992
2 43197  97.3280 184.8561 0018630 197.8756 234.1699 15.23482704  3068
1 43197U 18015F   18053.82581856  .00001183  00000-0  52332-4 0  9991
2 43197  97.3281 185.2559 0018619 196.4167 316.9494 15.23483709  3124
1 43197U 18015F   18054.40434181  .00001123  00000-0  49834-4 0  9991
2 43197  97.3279 185.8205 0018605 194.3463 249.9129 15.23484486  3219
1 43197U 18015F   18054.81376567  .00001066  00000-0  47426-4 0  9990
2 43197  97.3278 186.2203 0018618 192.8520 335.4678 15.23485084  3273
1 43197U 18015F   18055.12100780  .00000956  00000-0  42869-4 0  9990
2 43197  97.3279 186.5202 0018641 191.7602 220.5564 15.23484876  3323
1 43197U 18015F   18055.44759669  .00000949  00000-0  42571-4 0  9993
2 43197  97.3279 186.8393 0018751 190.5675 211.7932 15.23485594  3370
1 43197U 18015F   18055.78731486  .00000948  00000-0  42525-4 0  9995
2 43197  97.3281 187.1711 0018725 189.3393 275.0260 15.23486284  3425
1 43197U 18015F   18056.11793003  .00000889  00000-0  40067-4 0  9999
2 43197  97.3283 187.4942 0018808 188.1036 288.3712 15.23486454  3472
1 43197U 18015F   18056.43821192  .00000889  00000-0  40050-4 0  9997
2 43197  97.3283 187.8071 0018865 186.9782 244.9735 15.23487171  3522
1 43197U 18015F   18056.77333840  .00000842  00000-0  38071-4 0  9991
2 43197  97.3284 188.1343 0018884 185.7384 283.0523 15.23487549  3578
1 43197U 18015F   18057.09779528  .00000883  00000-0  39778-4 0  9994
2 43197  97.3286 188.4520 0019023 184.1221 263.0324 15.23488484  3621
1 43197U 18015F   18057.41791616  .00000962  00000-0  43097-4 0  9999
2 43197  97.3283 188.7646 0019181 183.0377 218.7172 15.23489763  3679
1 43197U 18015F   18057.82331275  .00000986  00000-0  44064-4 0  9996
2 43197  97.3282 189.1611 0019112 181.6672 282.0852 15.23490839  3733
1 43197U 18015F   18058.15568579  .00001072  00000-0  47670-4 0  9995
2 43197  97.3280 189.4852 0019234 180.3041 305.2037 15.23492068  3786
1 43197U 18015F   18058.53905418  .00001123  00000-0  49802-4 0  9990
2 43197  97.3279 189.8595 0019319 179.0524 247.7200 15.23493312  3849
1 43197U 18015F   18058.87661956  .00001125  00000-0  49893-4 0  9995
2 43197  97.3278 190.1892 0019315 177.9262 299.0610 15.23494147  3892
1 43197U 18015F   18059.12756686  .00001167  00000-0  51613-4 0  9998
2 43197  97.3275 190.4333 0019183 177.2352 235.2076 15.23494965  3939
1 43197U 18015F   18059.52339069  .00001266  00000-0  55744-4 0  9993
2 43197  97.3275 190.8197 0019221 175.9912 245.9916 15.23496730  3990
1 43197U 18015F   18059.86912464  .00001252  00000-0  55167-4 0  9990
2 43197  97.3276 191.1574 0019258 174.7857 342.1882 15.23497553  4042
1 43197U 18015F   18060.19096244  .00001266  00000-0  55765-4 0  9996
2 43197  97.3280 191.4722 0019318 173.5781 307.4113 15.23498375  4094
1 43197U 18015F   18060.31578153  .00001274  00000-0  56084-4 0  9998
2 43197  97.3281 191.5940 0019311 173.2605 271.8724 15.23498827  4110
1 43197U 18015F   18060.50940397  .00001280  00000-0  56322-4 0  9994
2 43197  97.3281 191.7830 0019329 172.6320 253.7612 15.23499438  4143
1 43197U 18015F   18060.85403572  .00001294  00000-0  56909-4 0  9997
2 43197  97.3283 192.1198 0019374 171.3538 343.9951 15.23500549  4193
1 43197U 18015F   18061.17641469  .00001336  00000-0  58648-4 0  9991
2 43197  97.3287 192.4351 0019466 170.0727 312.2628 15.23501609  4243
1 43197U 18015F   18061.42471362  .00001309  00000-0  57519-4 0  9998
2 43197  97.3287 192.6778 0019419 169.2477 234.0355 15.23502216  4285
1 43197U 18015F   18061.83852626  .00001360  00000-0  59654-4 0  9998
2 43197  97.3293 193.0832 0019677 167.5251 343.9076 15.23503793  4343
1 43197U 18015F   18062.15482376  .00001398  00000-0  61239-4 0  9998
2 43197  97.3293 193.3925 0019683 166.5528 278.5354 15.23504813  4393
1 43197U 18015F   18062.41022227  .00001400  00000-0  61297-4 0  9990
2 43197  97.3295 193.6424 0019662 165.6600 239.2926 15.23505607  4436
1 43197U 18015F   18062.82411573  .00001405  00000-0  61539-4 0  9995
2 43197  97.3297 194.0475 0019662 164.2159 349.3286 15.23506853  4495
1 43197U 18015F   18063.14735216  .00001343  00000-0  58911-4 0  9995
2 43197  97.3294 194.3624 0019782 163.2640 321.9688 15.23507106  4548
1 43197U 18015F   18063.53098560  .00001332  00000-0  58450-4 0  9998
2 43197  97.3296 194.7372 0019790 161.9670 266.0020 15.23508178  4607
1 43197U 18015F   18063.86840932  .00001322  00000-0  58061-4 0  9999
2 43197  97.3297 195.0668 0019800 160.7691 316.6561 15.23509062  4652
1 43197U 18015F   18064.19735134  .00001252  00000-0  55143-4 0  9993
2 43197  97.3298 195.3880 0019868 159.6890 320.7013 15.23509367  4706
1 43197U 18015F   18064.51545508  .00001234  00000-0  54374-4 0  9998
2 43197  97.3299 195.6988 0019884 158.6245 265.3295 15.23510188  4754
1 43197U 18015F   18064.72044075  .00001235  00000-0  54422-4 0  9999
2 43197  97.3300 195.8990 0019885 157.8965 309.6080 15.23510739  4782
1 43197U 18015F   18064.91918756  .00001204  00000-0  53140-4 0  9998
2 43197  97.3303 196.0934 0019915 157.2303 319.6283 15.23511056  4813
1 43197U 18015F   18065.11613634  .00001173  00000-0  51821-4 0  9997
2 43197  97.3305 196.2861 0020011 156.5393 319.8187 15.23511309  4845
1 43197U 18015F   18065.43641507  .00001138  00000-0  50363-4 0  9993
2 43197  97.3306 196.5992 0020069 155.5092 276.3369 15.23512044  4893
1 43197U 18015F   18065.56595116  .00001152  00000-0  50941-4 0  9999
2 43197  97.3306 196.7257 0020076 155.0821 266.7679 15.23512466  4910
1 43197U 18015F   18065.77147405  .00001159  00000-0  51223-4 0  9997
2 43197  97.3306 196.9265 0020095 154.3177 314.0297 15.23513057  4941
1 43197U 18015F   18066.14519676  .00001227  00000-0  54071-4 0  9992
2 43197  97.3308 197.2923 0020243 153.0586 203.7146 15.23514460  4994
1 43197U 18015F   18066.48611378  .00001252  00000-0  55099-4 0  9990
2 43197  97.3305 197.6254 0020222 151.7891 273.5973 15.23515612  5054
1 43197U 18015F   18066.83038368  .00001288  00000-0  56585-4 0  9991
2 43197  97.3305 197.9621 0020341 150.5259   1.8527 15.23516749  5107
1 43197U 18015F   18067.15392624  .00001288  00000-0  56585-4 0  9995
2 43197  97.3304 198.2785 0020405 149.4173 336.3421 15.23517473  5153
1 43197U 18015F   18067.47279256  .00001320  00000-0  57943-4 0  9991
2 43197  97.3303 198.5897 0020429 148.3987 285.1142 15.23518581  5204
1 43197U 18015F   18067.80698840  .00001311  00000-0  57543-4 0  9998
2 43197  97.3304 198.9163 0020452 147.2296 318.0597 15.23519441  5253
1 43197U 18015F   18068.06649154  .00001237  00000-0  54484-4 0  9999
2 43197  97.3302 199.1696 0020431 146.3891 301.2716 15.23519526  5298
1 43197U 18015F   18068.45200891  .00001245  00000-0  54801-4 0  9995
2 43197  97.3301 199.5466 0020469 145.1306 255.6098 15.23520605  5357
1 43197U 18015F   18068.79241628  .00001219  00000-0  53700-4 0  9993
2 43197  97.3300 199.8789 0020374 143.9873 322.5769 15.23521343  5402
1 43197U 18015F   18069.12307036  .00001070  00000-0  47524-4 0  9999
2 43197  97.3298 200.2017 0020494 143.0365 335.8891 15.23521039  5459
1 43197U 18015F   18069.44295505  .00001047  00000-0  46550-4 0  9993
2 43197  97.3297 200.5140 0020558 142.0131 290.2511 15.23521689  5509
1 43197U 18015F   18069.77778699  .00001063  00000-0  47209-4 0  9999
2 43197  97.3300 200.8408 0020690 140.8029 326.7301 15.23522563  5552
1 43197U 18015F   18070.10238875  .00001069  00000-0  47452-4 0  9991
2 43197  97.3302 201.1583 0020717 139.6172 307.1105 15.23523317  5606
1 43197U 18015F   18070.42287617  .00001067  00000-0  47363-4 0  9993
2 43197  97.3301 201.4717 0020657 138.4551 264.9180 15.23524188  5653
1 43197U 18015F   18070.76294299  .00001080  00000-0  47894-4 0  9998
2 43197  97.3301 201.8040 0020694 137.2720 330.0654 15.23525088  5709
1 43197U 18015F   18071.16022197  .00001223  00000-0  53842-4 0  9998
2 43197  97.3301 202.1924 0020837 136.2228 348.6772 15.23527134  5761
1 43197U 18015F   18071.40872978  .00001258  00000-0  55298-4 0  9990
2 43197  97.3299 202.4353 0020822 135.4034 271.6136 15.23528052  5800
1 43197U 18015F   18071.82228206  .00001279  00000-0  56171-4 0  9999
2 43197  97.3302 202.8398 0020832 133.9325  19.8410 15.23529333  5861
1 43197U 18015F   18072.07283998  .00001262  00000-0  55461-4 0  9999
2 43197  97.3299 203.0841 0020840 133.0236 314.1015 15.23529737  5908
1 43197U 18015F   18072.33512491  .00001374  00000-0  60145-4 0  9990
2 43197  97.3298 203.3404 0020827 132.2302 312.5321 15.23531270  5946
1 43197U 18015F   18072.66921419  .00001378  00000-0  60320-4 0  9999
2 43197  97.3298 203.6668 0020827 131.0548 344.9169 15.23532286  5992
1 43197U 18015F   18072.86650692  .00001371  00000-0  60024-4 0  9997
2 43197  97.3299 203.8596 0020838 130.4370 346.9331 15.23532780  6020
1 43197U 18015F   18073.19551192  .00001341  00000-0  58773-4 0  9994
2 43197  97.3299 204.1813 0020801 129.2545 351.4529 15.23533302  6072
1 43197U 18015F   18073.44441825  .00001335  00000-0  58507-4 0  9991
2 43197  97.3299 204.4245 0020839 128.5739 276.4399 15.23534007  6111
1 43197U 18015F   18073.85349367  .00001331  00000-0  58324-4 0  9997
2 43197  97.3300 204.8242 0020858 127.2043   0.0349 15.23535125  6174
1 43197U 18015F   18074.10883034  .00001246  00000-0  54821-4 0  9993
2 43197  97.3303 205.0741 0020864 126.3800 320.4073 15.23535080  6210
1 43197U 18015F   18074.30530488  .00001241  00000-0  54574-4 0  9997
2 43197  97.3303 205.2662 0020885 125.9648 317.7415 15.23535631  6246
1 43197U 18015F   18074.90251175  .00001192  00000-0  52542-4 0  9994
2 43197  97.3302 205.8502 0020930 123.9686 353.1545 15.23537000  6335
1 43197U 18015F   18075.14292824  .00001085  00000-0  48083-4 0  9993
2 43197  97.3303 206.0839 0020760 123.3920 231.5009 15.23536860  6368
1 43197U 18015F   18075.41963881  .00001175  00000-0  51826-4 0  9990
2 43197  97.3302 206.3553 0020995 122.3489 309.2581 15.23538152  6412
1 43197U 18015F   18075.54980503  .00001139  00000-0  50359-4 0  9994
2 43197  97.3303 206.4827 0020971 121.7585 303.3170 15.23538297  6433
1 43197U 18015F   18075.81957139  .00001148  00000-0  50709-4 0  9992
2 43197  97.3304 206.7462 0021101 121.0858 342.6401 15.23539018  6473
1 43197U 18015F   18076.14644141  .00001118  00000-0  49456-4 0  9999
2 43197  97.3300 207.0654 0020975 119.7061 335.6631 15.23539566  6525
1 43197U 18015F   18076.21814911  .00001188  00000-0  52392-4 0  9991
2 43197  97.3304 207.1363 0021038 120.0792   8.3409 15.23540252  6536
1 43197U 18015F   18076.34284784  .00001227  00000-0  54005-4 0  9991
2 43197  97.3305 207.2580 0021007 119.5722 332.3503 15.23540826  6555
1 43197U 18015F   18076.46634125  .00001237  00000-0  54427-4 0  9991
2 43197  97.3304 207.3789 0020992 119.0711 289.7470 15.23541236  6577
1 43197U 18015F   18076.62250000  .00001249  00000-0  54916-4 0  9991
2 43197  97.3304 207.5316 0020979 118.3496  66.4107 15.23541784  6599
1 43197U 18015F   18076.73945859  .00001246  00000-0  54792-4 0  9995
2 43197  97.3305 207.6458 0020976 117.8822 347.9544 15.23542063  6618
1 43197U 18015F   18076.93845884  .00001249  00000-0  54918-4 0  9997
2 43197  97.3305 207.8402 0021006 117.1950 359.4081 15.23542592  6643
1 43197U 18015F   18077.07009317  .00001273  00000-0  55898-4 0  9991
2 43197  97.3306 207.9687 0021003 116.7342   1.3876 15.23543061  6666
1 43197U 18015F   18077.31684074  .00001349  00000-0  59075-4 0  9992
2 43197  97.3305 208.2098 0020980 115.9045 274.7006 15.23544235  6709
1 43197U 18015F   18077.60918981  .00001356  00000-0  59343-4 0  9997
2 43197  97.3306 208.4954 0021010 114.9117  78.1294 15.23545122  6742
1 43197U 18015F   18077.72491860  .00001363  00000-0  59663-4 0  9995
2 43197  97.3306 208.6084 0021012 114.4947 352.8841 15.23545511  6760
1 43197U 18015F   18077.92480100  .00001347  00000-0  58992-4 0  9998
2 43197  97.3306 208.8038 0021022 113.8274   9.1551 15.23545978  6798
1 43197U 18015F   18078.04339118  .00001362  00000-0  59617-4 0  9996
2 43197  97.3307 208.9197 0021008 113.3783 299.6260 15.23546386  6810
1 43197U 18015F   18078.44102005  .00001409  00000-0  61569-4 0  9994
2 43197  97.3309 209.3083 0021015 112.0914 320.4174 15.23547873  6876
1 43197U 18015F   18078.50506442  .00001433  00000-0  62576-4 0  9990
2 43197  97.3309 209.3705 0020982 111.8127 311.7403 15.23548269  6881
1 43197U 18015F   18078.84490134  .00001445  00000-0  63055-4 0  9993
2 43197  97.3309 209.7028 0021046 110.7721  15.5146 15.23549379  6935
1 43197U 18015F   18079.17259524  .00001529  00000-0  66544-4 0  9995
2 43197  97.3310 210.0229 0021060 109.5940  12.8703 15.23550912  6989
1 43197U 18015F   18079.55586868  .00001519  00000-0  66126-4 0  9996
2 43197  97.3313 210.3979 0021095 108.3714 314.9164 15.23552101  7048
1 43197U 18015F   18079.89410701  .00001537  00000-0  66890-4 0  9993
2 43197  97.3314 210.7285 0021122 107.2081  10.0564 15.23553362  7092
1 43197U 18015F   18080.13364583  .00001560  00000-0  67809-4 0  9995
2 43197  97.3314 210.9623 0021099 106.3904 243.8506 15.23554169  7129
1 43197U 18015F   18080.41368638  .00001562  00000-0  67898-4 0  9991
2 43197  97.3314 211.2359 0021107 105.4485 339.7721 15.23555109  7177
1 43197U 18015F   18080.54247867  .00001558  00000-0  67730-4 0  9995
2 43197  97.3313 211.3617 0021111 104.9977 326.1690 15.23555496  7195
1 43197U 18015F   18080.60833661  .00001559  00000-0  67764-4 0  9993
2 43197  97.3314 211.4262 0021110 104.7655 327.3869 15.23555716  7201
1 43197U 18015F   18080.74214097  .00001545  00000-0  67188-4 0  9999
2 43197  97.3314 211.5570 0021027 104.1313 341.4389 15.23556057  7221
1 43197U 18015F   18080.87955142  .00001531  00000-0  66613-4 0  9993
2 43197  97.3313 211.6915 0021075 103.8861  14.8694 15.23556370  7241
1 43197U 18015F   18081.20794278  .00001499  00000-0  65280-4 0  9994
2 43197  97.3315 212.0127 0021055 102.7490  16.0092 15.23557052  7296
1 43197U 18015F   18081.33297330  .00001491  00000-0  64941-4 0  9990
2 43197  97.3315 212.1348 0021077 102.3539 341.7325 15.23557416  7310
1 43197U 18015F   18081.59063833  .00001444  00000-0  63017-4 0  9998
2 43197  97.3314 212.3864 0021074 101.4896 314.9312 15.23557891  7356
1 43197U 18015F   18081.73132133  .00001443  00000-0  62959-4 0  9997
2 43197  97.3315 212.5240 0021089 100.9827   6.5623 15.23558329  7379
1 43197U 18015F   18081.93024144  .00001356  00000-0  59354-4 0  9999
2 43197  97.3314 212.7182 0021087 100.4137  17.4670 15.23558285  7400
1 43197U 18015F   18082.06005317  .00001289  00000-0  56536-4 0  9999
2 43197  97.3316 212.8454 0021095 100.0030   9.4106 15.23558112  7428
1 43197U 18015F   18082.38421558  .00001244  00000-0  54669-4 0  9999
2 43197  97.3318 213.1623 0021104  98.9093 347.3308 15.23558670  7479
1 43197U 18015F   18082.57648209  .00001230  00000-0  54079-4 0  9994
2 43197  97.3317 213.3502 0021112  98.2620 321.8465 15.23559084  7509
1 43197U 18015F   18082.71642064  .00001209  00000-0  53220-4 0  9996
2 43197  97.3317 213.4868 0021099  97.8457   9.3065 15.23559326  7527
1 43197U 18015F   18082.91512985  .00001187  00000-0  52294-4 0  9991
2 43197  97.3319 213.6811 0021101  97.2571  19.0780 15.23559663  7553
1 43197U 18015F   18083.04159598  .00001172  00000-0  51688-4 0  9993
2 43197  97.3322 213.8054 0021164  96.7621 352.7694 15.23559763  7571
1 43197U 18015F   18083.36903770  .00001162  00000-0  51271-4 0  9994
2 43197  97.3324 214.1252 0021134  95.8164 348.5205 15.23560559  7628
1 43197U 18015F   18083.57485608  .00001124  00000-0  49690-4 0  9992
2 43197  97.3324 214.3263 0021137  95.1275  37.3606 15.23560858  7654
1 43197U 18015F   18083.70149811  .00001102  00000-0  48785-4 0  9990
2 43197  97.3323 214.4501 0021133  94.6858  11.9650 15.23561077  7679
1 43197U 18015F   18083.90021991  .00001087  00000-0  48143-4 0  9990
2 43197  97.3324 214.6444 0021153  94.0603  21.8445 15.23561480  7706
1 43197U 18015F   18084.02708365  .00001066  00000-0  47257-4 0  9993
2 43197  97.3323 214.7684 0021151  93.6023 357.6792 15.23561572  7720
1 43197U 18015F   18084.61175091  .00001075  00000-0  47643-4 0  9991
2 43197  97.3324 215.3405 0021164  91.5970 324.4251 15.23563089  7818
1 43197U 18015F   18084.95214696  .00001060  00000-0  46994-4 0  9995
2 43197  97.3322 215.6733 0021174  90.4463  31.3910 15.23563787  7865
1 43197U 18015F   18085.62081019  .00001056  00000-0  46847-4 0  9993
2 43197  97.3321 216.3268 0021182  88.1391  98.8473 15.23565164  7962
1 43197U 18015F   18085.93627150  .00001013  00000-0  45044-4 0  9990
2 43197  97.3321 216.6350 0021188  87.1173  29.0105 15.23565556  8010
1 43197U 18015F   18086.32445059  .00000977  00000-0  43549-4 0  9996
2 43197  97.3322 217.0146 0021166  85.9154 357.9426 15.23566054  8079
1 43197U 18015F   18086.58216524  .00000965  00000-0  43080-4 0  9994
2 43197  97.3321 217.2661 0021164  84.9735 331.4999 15.23566528  8117
1 43197U 18015F   18086.72278931  .00000962  00000-0  42955-4 0  9997
2 43197  97.3321 217.4036 0021165  84.4952  22.7834 15.23566802  8137
1 43197U 18015F   18086.92154399  .00000898  00000-0  40260-4 0  9995
2 43197  97.3322 217.5981 0021121  83.9640  32.7504 15.23566717  8161
1 43197U 18015F   18087.04783554  .00000859  00000-0  38652-4 0  9999
2 43197  97.3323 217.7215 0021130  83.5865   5.3703 15.23566620  8181
1 43197U 18015F   18087.37542500  .00000851  00000-0  38313-4 0  9995
2 43197  97.3323 218.0415 0021144  82.3758   2.2033 15.23567197  8238
1 43197U 18015F   18087.43314892  .00000843  00000-0  37992-4 0  9996
2 43197  97.3323 218.0980 0021152  82.2000 318.7825 15.23567263  8242
1 43197U 18015F   18087.70786968  .00000814  00000-0  36768-4 0  9991
2 43197  97.3324 218.3670 0021318  82.2015  24.6165 15.23567568  8284
1 43197U 18015F   18087.90662975  .00000782  00000-0  35438-4 0  9991
2 43197  97.3326 218.5614 0021336  81.5608  34.7248 15.23567718  8311
1 43197U 18015F   18088.03321476  .00000779  00000-0  35335-4 0  9996
2 43197  97.3328 218.6855 0021393  81.2535   8.8848 15.23567825  8339
1 43197U 18015F   18088.41841322  .00000744  00000-0  33861-4 0  9999
2 43197  97.3325 219.0622 0021371  79.8181 321.7178 15.23568372  8396
1 43197U 18015F   18088.61812591  .00000747  00000-0  34002-4 0  9998
2 43197  97.3325 219.2574 0021372  79.1130 337.1133 15.23568726  8421
1 43197U 18015F   18088.69412772  .00000757  00000-0  34392-4 0  9996
2 43197  97.3326 219.3320 0021401  78.9552  33.8631 15.23568945  8437
1 43197U 18015F   18088.88860848  .00000742  00000-0  33777-4 0  9998
2 43197  97.3326 219.5219 0021403  78.3484  20.4826 15.23569182  8461
1 43197U 18015F   18089.08330944  .00000730  00000-0  33264-4 0  9998
2 43197  97.3327 219.7124 0021432  77.7387   8.3107 15.23569311  8490
1 43197U 18015F   18089.40495367  .00000739  00000-0  33660-4 0  9994
2 43197  97.3325 220.0265 0021445  76.6669 332.4213 15.23569928  8543
1 43197U 18015F   18089.55114601  .00000735  00000-0  33477-4 0  9991
2 43197  97.3326 220.1697 0021421  76.1068  54.3095 15.23570127  8569
1 43197U 18015F   18089.74906074  .00000725  00000-0  33074-4 0  9997
2 43197  97.3327 220.3633 0021436  75.4275  59.8248 15.23570374  8597
1 43197U 18015F   18090.06387906  .00000641  00000-0  29583-4 0  9998
2 43197  97.3325 220.6704 0021409  74.2498 346.6211 15.23570138  8642
1 43197U 18015F   18090.32582731  .00000656  00000-0  30191-4 0  9993
2 43197  97.3324 220.9265 0021364  73.3488 343.3483 15.23570637  8688
1 43197U 18015F   18090.58886838  .00000616  00000-0  28535-4 0  9991
2 43197  97.3325 221.1835 0021365  72.5254 345.9859 15.23570704  8723
1 43197U 18015F   18090.72914321  .00000595  00000-0  27682-4 0  9994
2 43197  97.3324 221.3205 0021348  71.8824  35.5207 15.23570745  8747
1 43197U 18015F   18090.92780053  .00000538  00000-0  25284-4 0  9992
2 43197  97.3326 221.5149 0021330  71.4978  44.8110 15.23570567  8776
1 43197U 18015F   18091.04666267  .00000526  00000-0  24797-4 0  9991
2 43197  97.3328 221.6313 0021339  70.9481 336.8822 15.23570582  8797
1 43197U 18015F   18091.31595824  .00000540  00000-0  25393-4 0  9990
2 43197  97.3331 221.8948 0021269  70.4196  13.5124 15.23571063  8831
1 43197U 18015F   18091.57433047  .00000524  00000-0  24723-4 0  9994
2 43197  97.3332 222.1471 0021263  69.5760 350.5807 15.23571298  8873
1 43197U 18015F   18091.71422375  .00000504  00000-0  23884-4 0  9997
2 43197  97.3333 222.2841 0021261  69.1473  37.8114 15.23571342  8899
1 43197U 18015F   18091.91288824  .00000461  00000-0  22108-4 0  9998
2 43197  97.3333 222.4783 0021232  68.5837  47.3208 15.23571285  8921
1 43197U 18015F   18091.98253575  .00000454  00000-0  21823-4 0  9995
2 43197  97.3336 222.5467 0021238  68.2916  69.3737 15.23571284  8936
1 43197U 18015F   18092.36258488  .00000465  00000-0  22278-4 0  9993
2 43197  97.3337 222.9182 0021190  67.0384 353.8052 15.23571816  8996
1 43197U 18015F   18092.57237907  .00000447  00000-0  21507-4 0  9993
2 43197  97.3335 223.1230 0021215  66.1268  64.6689 15.23571947  9023
1 43197U 18015F   18092.70030273  .00000448  00000-0  21570-4 0  9996
2 43197  97.3334 223.2482 0021205  65.6334  46.3554 15.23572122  9045
1 43197U 18015F   18092.89839521  .00000439  00000-0  21194-4 0  9991
2 43197  97.3334 223.4417 0021192  64.9925  52.8085 15.23572291  9079
1 43197U 18015F   18093.08355007  .00000439  00000-0  21177-4 0  9996
2 43197  97.3336 223.6230 0021201  64.5062 348.1909 15.23572403  9100
1 43197U 18015F   18093.41624569  .00000460  00000-0  22066-4 0  9997
2 43197  97.3338 223.9483 0021216  63.2011  13.1153 15.23572980  9156
1 43197U 18015F   18093.75070605  .00000461  00000-0  22118-4 0  9999
2 43197  97.3337 224.2753 0021218  62.0240  47.5842 15.23573358  9204
1 43197U 18015F   18093.94893155  .00000448  00000-0  21557-4 0  9994
2 43197  97.3338 224.4692 0021212  61.4260  54.7238 15.23573451  9234
1 43197U 18015F   18094.08024505  .00000437  00000-0  21108-4 0  9995
2 43197  97.3338 224.5975 0021208  60.6118  55.3095 15.23573422  9255
1 43197U 18015F   18094.32718383  .00000496  00000-0  23537-4 0  9999
2 43197  97.3339 224.8390 0021140  60.0855 329.3952 15.23574063  9299
1 43197U 18015F   18094.62018519  .00000490  00000-0  23289-4 0  9994
2 43197  97.3339 225.1252 0021123  59.1529 136.3697 15.23574362  9337
1 43197U 18015F   18094.66081113  .00000492  00000-0  23398-4 0  9991
2 43197  97.3339 225.1649 0021121  59.0032 359.2045 15.23574430  9343
1 43197U 18015F   18094.93412694  .00000480  00000-0  22908-4 0  9996
2 43197  97.3337 225.4319 0021106  58.0725  58.2737 15.23574663  9385
1 43197U 18015F   18095.06027249  .00000454  00000-0  21808-4 0  9998
2 43197  97.3338 225.5553 0021099  57.6837  30.1079 15.23574498  9404
1 43197U 18015F   18095.32223238  .00000502  00000-0  23805-4 0  9996
2 43197  97.3341 225.8115 0021040  56.7873  26.8998 15.23575138  9449
1 43197U 18015F   18095.44640281  .00000489  00000-0  23262-4 0  9991
2 43197  97.3342 225.9329 0021033  56.3958 347.9127 15.23575202  9465
1 43197U 18015F   18095.72057336  .00000457  00000-0  21928-4 0  9997
2 43197  97.3341 226.2007 0020989  55.4549  51.6776 15.23575307  9506
1 43197U 18015F   18095.91544059  .00000400  00000-0  19583-4 0  9993
2 43197  97.3346 226.3918 0020942  54.9050  40.3620 15.23575121  9533
1 43197U 18015F   18096.11635596  .00000371  00000-0  18349-4 0  9999
2 43197  97.3347 226.5880 0020924  54.1373  62.4154 15.23575062  9568
1 43197U 18015F   18096.37319331  .00000382  00000-0  18828-4 0  9997
2 43197  97.3347 226.8396 0020903  53.4710  30.8987 15.23575413  9605
1 43197U 18015F   18096.57735330  .00000362  00000-0  17977-4 0  9992
2 43197  97.3349 227.0392 0020913  52.8689  70.5733 15.23575487  9639
1 43197U 18015F   18096.70646039  .00000380  00000-0  18724-4 0  9995
2 43197  97.3348 227.1649 0020913  52.5115  58.6136 15.23575774  9650
1 43197U 18015F   18096.84507052  .00000395  00000-0  19364-4 0  9998
2 43197  97.3348 227.3010 0020919  52.0475  98.8496 15.23576052  9671
1 43197U 18015F   18097.02381354  .00000395  00000-0  19355-4 0  9994
2 43197  97.3353 227.4757 0020921  51.7577 358.8935 15.23576159  9707
1 43197U 18015F   18097.41621314  .00000444  00000-0  21417-4 0  9997
2 43197  97.3358 227.8591 0020879  50.4046 351.1301 15.23576921  9767
1 43197U 18015F   18097.56346131  .00000444  00000-0  21401-4 0  9997
2 43197  97.3357 228.0031 0020878  49.9053  78.7492 15.23577076  9785
1 43197U 18015F   18097.76207413  .00000486  00000-0  23144-4 0  9990
2 43197  97.3359 228.1977 0020917  49.3201  88.0044 15.23577618  9813
1 43197U 18015F   18097.95543571  .00000516  00000-0  24402-4 0  9991
2 43197  97.3358 228.3866 0020923  48.6535  68.5557 15.23578014  9846
1 43197U 18015F   18098.07540225  .00000512  00000-0  24209-4 0  9999
2 43197  97.3358 228.5036 0020914  48.2814   6.5062 15.23578016  9860
1 43197U 18015F   18098.40310172  .00000545  00000-0  25616-4 0  9991
2 43197  97.3357 228.8245 0020962  46.8792   4.1480 15.23578678  9914
1 43197U 18015F   18098.62464120  .00000561  00000-0  26242-4 0  9992
2 43197  97.3358 229.0411 0020947  46.2374 139.1291 15.23579069  9943
1 43197U 18015F   18098.74179487  .00000556  00000-0  26063-4 0  9999
2 43197  97.3358 229.1558 0020947  45.8252  61.7031 15.23579183  9967
1 43197U 18015F   18098.94059626  .00000548  00000-0  25723-4 0  9996
2 43197  97.3357 229.3503 0020941  45.3030  71.9273 15.23579302  9998
1 43197U 18015F   18099.11579861  .00000503  00000-0  23842-4 0  9995
2 43197  97.3356 229.5214 0020891  44.6660 312.9092 15.23579078 10015
1 43197U 18015F   18099.39280788  .00000500  00000-0  23726-4 0  9990
2 43197  97.3356 229.7923 0020896  43.7024  32.2612 15.23579379 10062
1 43197U 18015F   18099.45198106  .00000501  00000-0  23749-4 0  9995
2 43197  97.3356 229.8500 0020891  43.5021 356.8115 15.23579453 10071
1 43197U 18015F   18099.66252898  .00000507  00000-0  24019-4 0  9994
2 43197  97.3357 230.0560 0020871  42.8084  71.5954 15.23579721 10105
1 43197U 18015F   18099.92579624  .00000461  00000-0  22109-4 0  9999
2 43197  97.3358 230.3134 0020833  41.9012  75.5660 15.23579743 10141
1 43197U 18015F   18100.05185969  .00000418  00000-0  20328-4 0  9994
2 43197  97.3360 230.4369 0020841  41.4250  47.0388 15.23579447 10167
1 43197U 18015F   18100.31365851  .00000445  00000-0  21432-4 0  9990
2 43197  97.3361 230.6933 0020784  40.5258  42.9552 15.23579960 10203
1 43197U 18015F   18100.58458580  .00000438  00000-0  21151-4 0  9991
2 43197  97.3363 230.9579 0020775  39.7699  88.7644 15.23580259 10240
1 43197U 18015F   18100.64965622  .00000459  00000-0  22030-4 0  9998
2 43197  97.3364 231.0217 0020773  39.6254  85.5851 15.23580500 10251
1 43197U 18015F   18100.91088711  .00000433  00000-0  20943-4 0  9996
2 43197  97.3364 231.2769 0020768  38.8406  78.2730 15.23580642 10295
1 43197U 18015F   18101.03723521  .00000434  00000-0  21003-4 0  9994
2 43197  97.3365 231.4006 0020776  38.4535  51.2198 15.23580700 10317
1 43197U 18015F   18101.42788380  .00000419  00000-0  20350-4 0  9998
2 43197  97.3364 231.7828 0020792  37.0547  33.9086 15.23581080 10378
1 43197U 18015F   18101.56976625  .00000454  00000-0  21837-4 0  9994
2 43197  97.3364 231.9214 0020755  36.5592  92.1165 15.23581517 10394
1 43197U 18015F   18101.76800634  .00000536  00000-0  25214-4 0  9996
2 43197  97.3365 232.1155 0020659  36.6557  98.6536 15.23582330 10428
1 43197U 18015F   18101.89612560  .00000554  00000-0  25974-4 0  9992
2 43197  97.3364 232.2406 0020648  36.3171  81.2633 15.23582635 10440
1 43197U 18015F   18102.08164593  .00000561  00000-0  26281-4 0  9992
2 43197  97.3363 232.4221 0020646  35.6747  18.8124 15.23582885 10476
1 43197U 18015F   18102.40862185  .00000634  00000-0  29314-4 0  9991
2 43197  97.3360 232.7421 0020619  34.3746  12.3947 15.23583928 10520
1 43197U 18015F   18102.60740831  .00000641  00000-0  29613-4 0  9996
2 43197  97.3360 232.9365 0020620  33.6711  22.7230 15.23584269 10557
1 43197U 18015F   18102.75350197  .00000655  00000-0  30186-4 0  9996
2 43197  97.3363 233.0796 0020633  33.3025 103.8877 15.23584575 10579
1 43197U 18015F   18102.94684935  .00000655  00000-0  30190-4 0  9992
2 43197  97.3361 233.2684 0020631  32.6268  84.3743 15.23584829 10605
1 43197U 18015F   18103.07808818  .00000627  00000-0  29031-4 0  9996
2 43197  97.3359 233.3965 0020637  31.9642  84.4042 15.23584703 10625
1 43197U 18015F   18103.39158435  .00000721  00000-0  32905-4 0  9993
2 43197  97.3361 233.7028 0020590  30.7648   3.9997 15.23585766 10673
1 43197U 18015F   18103.54033681  .00000716  00000-0  32723-4 0  9997
2 43197  97.3361 233.8483 0020601  30.2245  99.9096 15.23585979 10693
1 43197U 18015F   18103.67088287  .00000720  00000-0  32882-4 0  9994
2 43197  97.3362 233.9759 0020588  29.7938  95.9144 15.23586213 10712
1 43197U 18015F   18103.93177520  .00000712  00000-0  32532-4 0  9995
2 43197  97.3359 234.2308 0020582  28.9228  86.8380 15.23586594 10756
1 43197U 18015F   18104.05805337  .00000651  00000-0  29997-4 0  9996
2 43197  97.3361 234.3542 0020600  28.5188  59.4188 15.23586273 10770
1 43197U 18015F   18104.31996267  .00000718  00000-0  32793-4 0  9990
2 43197  97.3359 234.6102 0020385  27.9550  55.6136 15.23587077 10817
1 43197U 18015F   18104.59072177  .00000715  00000-0  32684-4 0  9991
2 43197  97.3359 234.8750 0020372  27.0321 100.6737 15.23587494 10856
1 43197U 18015F   18104.78975003  .00000708  00000-0  32385-4 0  9992
2 43197  97.3358 235.0693 0020338  26.4473 112.2119 15.23587825 10881
1 43197U 18015F   18104.91690777  .00000702  00000-0  32115-4 0  9994
2 43197  97.3358 235.1937 0020332  26.0031  89.6577 15.23587980 10903
1 43197U 18015F   18105.11393611  .00000661  00000-0  30427-4 0  9992
2 43197  97.3361 235.3865 0020353  25.2380  90.4103 15.23587902 10932
1 43197U 18015F   18105.43488007  .00000647  00000-0  29851-4 0  9994
2 43197  97.3361 235.7004 0020329  24.1918  50.6778 15.23588325 10980
1 43197U 18015F   18105.57509485  .00000654  00000-0  30118-4 0  9999
2 43197  97.3360 235.8376 0020327  23.7226  99.7204 15.23588589 11001
1 43197U 18015F   18105.77475273  .00000638  00000-0  29482-4 0  9992
2 43197  97.3358 236.0326 0020305  22.9448 114.9028 15.23588833 11038
1 43197U 18015F   18105.90284184  .00000621  00000-0  28750-4 0  9995
2 43197  97.3359 236.1580 0020229  22.6005  97.3554 15.23588943 11055
1 43197U 18015F   18106.28552216  .00000653  00000-0  30092-4 0  9998
2 43197  97.3361 236.5324 0020210  21.4323  36.1490 15.23589690 11115
1 43197U 18015F   18106.35101360  .00000653  00000-0  30079-4 0  9991
2 43197  97.3361 236.5965 0020204  21.2128  35.3535 15.23589793 11126
1 43197U 18015F   18106.61509527  .00000631  00000-0  29197-4 0  9992
2 43197  97.3361 236.8548 0020183  20.3179  43.7863 15.23590055 11162
1 43197U 18015F   18106.68985816  .00000644  00000-0  29728-4 0  9992
2 43197  97.3362 236.9283 0020170  20.1207  93.7901 15.23590272 11176
1 43197U 18015F   18107.07886001  .00000620  00000-0  28716-4 0  9992
2 43197  97.3362 237.3086 0020145  18.8170  67.3687 15.23590577 11230
1 43197U 18015F   18107.34067072  .00000670  00000-0  30786-4 0  9996
2 43197  97.3361 237.5644 0020087  17.8465  63.4318 15.23591284 11270
1 43197U 18015F   18107.59975873  .00000630  00000-0  29128-4 0  9994
2 43197  97.3360 237.8177 0020098  16.9533  44.4912 15.23591427 11314
1 43197U 18015F   18107.67694043  .00000626  00000-0  28958-4 0  9995
2 43197  97.3361 237.8932 0020095  16.6883 107.8205 15.23591506 11324
1 43197U 18015F   18107.93850485  .00000614  00000-0  28466-4 0  9999
2 43197  97.3361 238.1488 0020037  15.8431 102.4071 15.23591768 11366
1 43197U 18015F   18108.06963318  .00000558  00000-0  26149-4 0  9997
2 43197  97.3361 238.2769 0019993  15.3710 101.6441 15.23591438 11381
1 43197U 18015F   18108.39068038  .00000570  00000-0  26639-4 0  9996
2 43197  97.3363 238.5909 0019994  14.2373  62.5690 15.23591919 11437
1 43197U 18015F   18108.51882694  .00000561  00000-0  26264-4 0  9996
2 43197  97.3362 238.7160 0020015  13.7311  45.4989 15.23592044 11452
1 43197U 18015F   18108.66028674  .00000561  00000-0  26270-4 0  9999
2 43197  97.3364 238.8547 0019964  13.2909 101.3382 15.23592182 11477
1 43197U 18015F   18108.92316258  .00000548  00000-0  25713-4 0  9992
2 43197  97.3365 239.1119 0019927  12.4483 103.1114 15.23592419 11515
1 43197U 18015F   18109.12055618  .00000511  00000-0  24184-4 0  9996
2 43197  97.3366 239.3051 0019908  11.7555 105.7975 15.23592314 11544
1 43197U 18015F   18109.37510163  .00000551  00000-0  25844-4 0  9992
2 43197  97.3365 239.5542 0019893  10.6572  62.1676 15.23593044 11589
1 43197U 18015F   18109.64741248  .00000548  00000-0  25717-4 0  9997
2 43197  97.3368 239.8206 0019856   9.7707 115.7033 15.23593389 11629
1 43197U 18015F   18109.90835567  .00000505  00000-0  23955-4 0  9999
2 43197  97.3367 240.0755 0019835   8.7901 107.0210 15.23593453 11660
1 43197U 18015F   18110.03495679  .00000483  00000-0  23035-4 0  9995
2 43197  97.3369 240.1997 0019787   8.5533  81.2092 15.23593298 11686
1 43197U 18015F   18110.35135696  .00000484  00000-0  23092-4 0  9994
2 43197  97.3372 240.5092 0019767   7.4593  16.6241 15.23593659 11737
1 43197U 18015F   18110.49036942  .00000447  00000-0  21552-4 0  9991
2 43197  97.3372 240.6453 0019811   6.9878  59.0800 15.23593621 11752
1 43197U 18015F   18110.76489135  .00000449  00000-0  21631-4 0  9997
2 43197  97.3371 240.9139 0019842   5.9836 124.8535 15.23593956 11793
1 43197U 18015F   18110.95970131  .00000464  00000-0  22231-4 0  9993
2 43197  97.3373 241.1048 0019777   5.4413 113.2324 15.23594308 11824
1 43197U 18015F   18111.07934338  .00000452  00000-0  21733-4 0  9999
2 43197  97.3373 241.2218 0019787   4.9885  49.4923 15.23594298 11847
1 43197U 18015F   18111.40632848  .00000523  00000-0  24709-4 0  9992
2 43197  97.3371 241.5420 0019730   3.7191  43.1075 15.23595192 11896
1 43197U 18015F   18111.60476913  .00000529  00000-0  24947-4 0  9993
2 43197  97.3371 241.7360 0019733   3.0050  51.5587 15.23595474 11929
1 43197U 18015F   18111.74579911  .00000544  00000-0  25576-4 0  9996
2 43197  97.3370 241.8742 0019719   2.5722 105.0376 15.23595788 11948
1 43197U 18015F   18111.94503524  .00000542  00000-0  25466-4 0  9991
2 43197  97.3370 242.0692 0019693   1.8914 117.8167 15.23596045 11970
1 43197U 18015F   18112.26282575  .00000606  00000-0  28164-4 0  9996
2 43197  97.3374 242.3800 0019687   0.6682  60.9853 15.23596763 12024
1 43197U 18015F   18112.33254031  .00000637  00000-0  29418-4 0  9997
2 43197  97.3373 242.4482 0019627   0.3421  83.4487 15.23597108 12030
1 43197U 18015F   18112.52564663  .00000636  00000-0  29408-4 0  9991
2 43197  97.3373 242.6370 0019622 359.6519  62.6375 15.23597385 12066
1 43197U 18015F   18112.73090602  .00000631  00000-0  29186-4 0  9999
2 43197  97.3374 242.8378 0019609 358.9482 108.4563 15.23597655 12094
1 43197U 18015F   18112.92951412  .00000635  00000-0  29371-4 0  9995
2 43197  97.3372 243.0319 0019596 358.2697 117.7920 15.23597998 12120
1 43197U 18015F   18113.06006628  .00000641  00000-0  29589-4 0  9999
2 43197  97.3374 243.1598 0019632 357.7764 113.8971 15.23598147 12144
1 43197U 18015F   18113.31762934  .00000709  00000-0  32438-4 0  9998
2 43197  97.3375 243.4116 0019599 356.6731  86.8181 15.23599047 12184
1 43197U 18015F   18113.57614789  .00000710  00000-0  32466-4 0  9993
2 43197  97.3375 243.6644 0019581 355.7656  64.7787 15.23599463 12223
1 43197U 18015F   18113.91467414  .00000725  00000-0  33093-4 0  9995
2 43197  97.3375 243.9955 0019470 354.6871 121.4702 15.23600150 12274
1 43197U 18015F   18114.17839299  .00000715  00000-0  32666-4 0  9992
2 43197  97.3375 244.2536 0019476 353.8153 127.8996 15.23600417 12319
1 43197U 18015F   18114.42634741  .00000749  00000-0  34086-4 0  9990
2 43197  97.3374 244.4963 0019157 352.9268  47.9404 15.23601079 12352
1 43197U 18015F   18114.89985009  .00000759  00000-0  34522-4 0  9993
2 43197  97.3372 244.9595 0019107 351.2724 125.0751 15.23601993 12426
1 43197U 18015F   18115.02658480  .00000737  00000-0  33586-4 0  9994
2 43197  97.3374 245.0835 0019086 350.8164 100.2194 15.23602002 12446
1 43197U 18015F   18115.54750208  .00000769  00000-0  34924-4 0  9994
2 43197  97.3375 245.5934 0019035 349.0856  77.3320 15.23603025 12524
1 43197U 18015F   18115.82598566  .00000775  00000-0  35161-4 0  9993
2 43197  97.3375 245.8657 0019063 348.1064 164.8052 15.23603535 12565
1 43197U 18015F   18116.20536755  .00000700  00000-0  32068-4 0  9999
2 43197  97.3375 246.2369 0018967 346.8077  85.6638 15.23603483 12620
1 43197U 18015F   18116.39544185  .00000697  00000-0  31919-4 0  9994
2 43197  97.3377 246.4226 0019015 346.1373  48.2172 15.23603792 12657
1 43197U 18015F   18116.53215478  .00000679  00000-0  31197-4 0  9998
2 43197  97.3376 246.5564 0019017 345.6823  78.0572 15.23603895 12679
1 43197U 18015F   18116.73682164  .00000659  00000-0  30367-4 0  9996
2 43197  97.3376 246.7566 0019021 344.9812 120.6297 15.23604084 12701
1 43197U 18015F   18116.87150454  .00000615  00000-0  28514-4 0  9996
2 43197  97.3374 246.8879 0019046 344.3836 139.4832 15.23603953 12723
1 43197U 18015F   18117.06190101  .00000559  00000-0  26199-4 0  9995
2 43197  97.3375 247.0740 0019023 343.7331 103.7803 15.23603739 12759
1 43197U 18015F   18117.32389559  .00000584  00000-0  27227-4 0  9992
2 43197  97.3375 247.3304 0018900 342.6387 100.9885 15.23604300 12798
1 43197U 18015F   18117.51643507  .00000573  00000-0  26792-4 0  9993
2 43197  97.3374 247.5187 0018916 341.9660  77.0572 15.23604484 12825
1 43197U 18015F   18117.72224683  .00000567  00000-0  26517-4 0  9994
2 43197  97.3375 247.7200 0018923 341.2539 125.9170 15.23604706 12857
1 43197U 18015F   18117.92104747  .00000502  00000-0  23825-4 0  9992
2 43197  97.3376 247.9144 0018855 340.4523 136.4338 15.23604483 12883
1 43197U 18015F   18118.04726866  .00000463  00000-0  22192-4 0  9990
2 43197  97.3378 248.0383 0018834 339.9222 108.8382 15.23604318 12900
1 43197U 18015F   18118.37161150  .00000480  00000-0  22902-4 0  9993
2 43197  97.3379 248.3562 0018803 338.6208  88.0122 15.23604847 12952
1 43197U 18015F   18118.57995023  .00000477  00000-0  22810-4 0  9993
2 43197  97.3382 248.5596 0018735 337.8853 150.7482 15.23605083 12988
1 43197U 18015F   18118.70730247  .00000487  00000-0  23216-4 0  9995
2 43197  97.3382 248.6843 0018726 337.4785 129.2316 15.23605309 13006
1 43197U 18015F   18118.90595563  .00000472  00000-0  22564-4 0  9996
2 43197  97.3381 248.8784 0018670 336.7702 138.8500 15.23605510 13038
1 43197U 18015F   18119.03524353  .00000442  00000-0  21352-4 0  9991
2 43197  97.3383 249.0050 0018638 336.2636 128.0418 15.23605404 13057
1 43197U 18015F   18119.41778824  .00000472  00000-0  22584-4 0  9998
2 43197  97.3380 249.3792 0018642 334.9061  66.3034 15.23606013 13114
1 43197U 18015F   18119.61749050  .00000466  00000-0  22343-4 0  9995
2 43197  97.3380 249.5746 0018645 334.2207  81.6489 15.23606201 13149
1 43197U 18015F   18119.76260258  .00000475  00000-0  22717-4 0  9994
2 43197  97.3381 249.7166 0018640 333.7371 157.5593 15.23606433 13167
1 43197U 18015F   18119.95717590  .00000459  00000-0  22049-4 0  9991
2 43197  97.3382 249.9071 0018594 333.0421 144.8007 15.23606544 13197
1 43197U 18015F   18120.08270620  .00000435  00000-0  21056-4 0  9996
2 43197  97.3383 250.0303 0018574 332.6591 113.2714 15.23606411 13211
1 43197U 18015F   18120.40513806  .00000485  00000-0  23136-4 0  9994
2 43197  97.3382 250.3456 0018591 331.3984  81.9322 15.23607117 13268
1 43197U 18015F   18120.60378652  .00000473  00000-0  22639-4 0  9998
2 43197  97.3382 250.5398 0018585 330.7191  91.4958 15.23607264 13298
1 43197U 18015F   18120.74342638  .00000481  00000-0  22973-4 0  9998
2 43197  97.3381 250.6764 0018578 330.2244 137.4218 15.23607475 13318
1 43197U 18015F   18120.87312447  .00000461  00000-0  22113-4 0  9991
2 43197  97.3382 250.8033 0018572 329.7582 128.8229 15.23607459 13332
1 43197U 18015F   18121.06806069  .00000378  00000-0  18669-4 0  9999
2 43197  97.3383 250.9939 0018649 329.0667 118.0457 15.23606976 13361
1 43197U 18015F   18121.33015965  .00000433  00000-0  20965-4 0  9990
2 43197  97.3385 251.2504 0018613 327.9899 115.8111 15.23607603 13405
1 43197U 18015F   18121.58784811  .00000416  00000-0  20243-4 0  9990
2 43197  97.3385 251.5023 0018583 327.0913  89.2200 15.23607737 13443
1 43197U 18015F   18121.72851668  .00000411  00000-0  20054-4 0  9996
2 43197  97.3387 251.6402 0018616 326.5928 140.7880 15.23607834 13461
1 43197U 18015F   18121.86892116  .00000379  00000-0  18705-4 0  9997
2 43197  97.3387 251.7775 0018585 326.0331 190.9694 15.23607730 13480
1 43197U 18015F   18122.05907880  .00000319  00000-0  16241-4 0  9991
2 43197  97.3389 251.9637 0018590 325.3436 153.9988 15.23607422 13512
1 43197U 18015F   18122.44587917  .00000312  00000-0  15917-4 0  9991
2 43197  97.3390 252.3420 0018569 323.9139 115.6627 15.23607750 13574
1 43197U 18015F   18122.58617340  .00000312  00000-0  15941-4 0  9997
2 43197  97.3390 252.4794 0018541 323.3414 165.2538 15.23607861 13596
1 43197U 18015F   18122.71358902  .00000322  00000-0  16333-4 0  9995
2 43197  97.3390 252.6038 0018516 322.8637 144.1568 15.23608040 13614
1 43197U 18015F   18122.91434638  .00000297  00000-0  15317-4 0  9990
2 43197  97.3392 252.8004 0018465 322.0621 165.4038 15.23608071 13644
1 43197U 18015F   18123.10723319  .00000274  00000-0  14350-4 0  9990
2 43197  97.3392 252.9891 0018453 321.4299 143.3376 15.23608004 13679
1 43197U 18015F   18123.29570536  .00000278  00000-0  14528-4 0  9992
2 43197  97.3394 253.1733 0018489 320.6954  97.1768 15.23608217 13708
1 43197U 18015F   18123.42308587  .00000287  00000-0  14891-4 0  9995
2 43197  97.3393 253.2981 0018440 320.1271  75.9784 15.23608373 13724
1 43197U 18015F   18123.76422035  .00000283  00000-0  14731-4 0  9996
2 43197  97.3393 253.6319 0018433 318.9945 147.0301 15.23608670 13779
1 43197U 18015F   18124.16163487  .00000335  00000-0  16897-4 0  9997
2 43197  97.3396 254.0211 0018310 317.5289 166.9152 15.23609332 13835
1 43197U 18015F   18124.41557978  .00000370  00000-0  18330-4 0  9990
2 43197  97.3395 254.2696 0018281 316.5815 119.8566 15.23609809 13873
1 43197U 18015F   18124.82367694  .00000389  00000-0  19139-4 0  9997
2 43197  97.3397 254.6688 0018228 315.1318 198.2825 15.23610351 13934
1 43197U 18015F   18125.14687560  .00000368  00000-0  18243-4 0  9992
2 43197  97.3397 254.9846 0018221 314.0479 170.9691 15.23610328 13989
1 43197U 18015F   18125.39304767  .00000422  00000-0  20504-4 0  9998
2 43197  97.3397 255.2253 0018287 313.1843  81.2204 15.23610924 14024
1 43197U 18015F   18125.80945764  .00000416  00000-0  20274-4 0  9999
2 43197  97.3400 255.6326 0018184 311.5360 205.4121 15.23611284 14080
1 43197U 18015F   18126.12507264  .00000360  00000-0  17913-4 0  9998
2 43197  97.3401 255.9415 0018156 310.3724 136.6101 15.23611090 14137
1 43197U 18015F   18126.44562625  .00000391  00000-0  19229-4 0  9991
2 43197  97.3401 256.2551 0018140 309.0618  95.0306 15.23611618 14188
1 43197U 18015F   18126.65737193  .00000393  00000-0  19285-4 0  9992
2 43197  97.3401 256.4624 0018127 308.2967 176.4760 15.23611836 14218
1 43197U 18015F   18126.92570351  .00000348  00000-0  17418-4 0  9999
2 43197  97.3400 256.7248 0018109 307.1563 208.4703 15.23611793 14251
1 43197U 18015F   18127.11550150  .00000328  00000-0  16605-4 0  9991
2 43197  97.3401 256.9109 0018088 306.4733 169.5264 15.23611762 14285
1 43197U 18015F   18127.43012346  .00000368  00000-0  18279-4 0  9999
2 43197  97.3402 257.2191 0018118 305.4745  95.1215 15.23612361 14339
1 43197U 18015F   18127.77044450  .00000365  00000-0  18156-4 0  9998
2 43197  97.3403 257.5519 0018006 303.9916 162.0715 15.23612735 14385
1 43197U 18015F   18128.09886256  .00000370  00000-0  18334-4 0  9996
2 43197  97.3404 257.8734 0017900 302.7687 163.5139 15.23613022 14434
1 43197U 18015F   18128.41563384  .00000431  00000-0  20871-4 0  9993
2 43197  97.3404 258.1834 0017925 301.6651 100.9983 15.23613836 14485
1 43197U 18015F   18128.82971291  .00000484  00000-0  23077-4 0  9997
2 43197  97.3403 258.5885 0017827 300.1174 212.3206 15.23614751 14549
1 43197U 18015F   18129.08033670  .00000495  00000-0  23551-4 0  9995
2 43197  97.3403 258.8339 0017827 299.2325 146.9984 15.23615109 14589
1 43197U 18015F   18129.39947172  .00000607  00000-0  28186-4 0  9994
2 43197  97.3403 259.1462 0017789 297.8775  97.6945 15.23616233 14634
1 43197U 18015F   18129.81638500  .00000629  00000-0  29121-4 0  9997
2 43197  97.3404 259.5544 0017737 296.2196 224.6639 15.23616990 14691
1 43197U 18015F   18130.25807815  .00000712  00000-0  32561-4 0  9999
2 43197  97.3398 259.9857 0017920 294.7485 127.2740 15.23617974 14764
1 43197U 18015F   18130.32779980  .00000725  00000-0  33129-4 0  9993
2 43197  97.3401 260.0545 0017916 294.6578 149.5459 15.23618225 14778
1 43197U 18015F   18130.58570924  .00000728  00000-0  33238-4 0  9992
2 43197  97.3402 260.3066 0017888 293.5550 124.3812 15.23618643 14819
1 43197U 18015F   18130.73205671  .00000725  00000-0  33127-4 0  9997
2 43197  97.3402 260.4498 0017879 292.9901 207.1508 15.23618854 14830
1 43197U 18015F   18130.92466947  .00000683  00000-0  31380-4 0  9995
2 43197  97.3402 260.6380 0017863 292.2147 183.7326 15.23618821 14864
1 43197U 18015F   18131.12236203  .00000653  00000-0  30122-4 0  9998
2 43197  97.3404 260.8318 0017869 291.5602 188.0382 15.23618831 14897
1 43197U 18015F   18131.37868238  .00000687  00000-0  31552-4 0  9999
2 43197  97.3405 261.0827 0017867 290.4410 154.1818 15.23619496 14930
1 43197U 18015F   18131.58377059  .00000685  00000-0  31437-4 0  9998
2 43197  97.3406 261.2832 0017815 289.4814 199.3354 15.23619805 14961
1 43197U 18015F   18131.71137404  .00000689  00000-0  31608-4 0  9995
2 43197  97.3406 261.4081 0017814 289.0353 179.2415 15.23620037 14988
1 43197U 18015F   18131.90995164  .00000669  00000-0  30793-4 0  9993
2 43197  97.3406 261.6025 0017789 288.2267 188.5560 15.23620251 15011
1 43197U 18015F   18132.03638157  .00000630  00000-0  29180-4 0  9990
2 43197  97.3408 261.7264 0017758 287.5750 162.2341 15.23620152 15032
1 43197U 18015F   18132.42066405  .00000673  00000-0  30952-4 0  9990
2 43197  97.3408 262.1024 0017723 285.9857 110.2751 15.23621002 15092
1 43197U 18015F   18132.62315083  .00000648  00000-0  29928-4 0  9994
2 43197  97.3407 262.3008 0017724 285.4204 140.7738 15.23621160 15129
1 43197U 18015F   18132.69653341  .00000664  00000-0  30561-4 0  9996
2 43197  97.3407 262.3726 0017721 285.1924 183.2504 15.23621398 15136
1 43197U 18015F   18132.96126102  .00000683  00000-0  31355-4 0  9999
2 43197  97.3404 262.6315 0017706 284.1847 195.3688 15.23622016 15175
1 43197U 18015F   18133.08643258  .00000657  00000-0  30305-4 0  9994
2 43197  97.3407 262.7538 0017628 283.5141 162.1691 15.23621958 15191
1 43197U 18015F   18133.40784713  .00000716  00000-0  32753-4 0  9997
2 43197  97.3408 263.0685 0017670 282.4256 125.0996 15.23622873 15240
1 43197U 18015F   18133.55449840  .00000707  00000-0  32345-4 0  9999
2 43197  97.3408 263.2120 0017662 281.9467 209.4504 15.23623052 15269
1 43197U 18015F   18133.68287330  .00000711  00000-0  32529-4 0  9996
2 43197  97.3409 263.3378 0017642 281.4647 193.6229 15.23623298 15281
1 43197U 18015F   18133.94591363  .00000702  00000-0  32137-4 0  9994
2 43197  97.3408 263.5953 0017648 280.5038 196.4454 15.23623655 15324
1 43197U 18015F   18134.07187846  .00000658  00000-0  30344-4 0  9994
2 43197  97.3409 263.7184 0017678 280.1079 167.3172 15.23623425 15348
1 43197U 18015F   18134.39971575  .00000760  00000-0  34564-4 0  9991
2 43197  97.3411 264.0391 0017677 278.7144 165.7628 15.23624591 15398
1 43197U 18015F   18134.73196558  .00000741  00000-0  33783-4 0  9990
2 43197  97.3410 264.3643 0017695 277.5224 188.1908 15.23624997 15442
1 43197U 18015F   18134.93202910  .00000696  00000-0  31900-4 0  9990
2 43197  97.3410 264.5598 0017724 276.7845 205.5806 15.23624969 15479
