1 43201U 18016A   18034.29840544  .00000346 -10986-5  00000+0 0  9990
2 43201  30.9012 260.7174 1220638  77.8153  55.9657 13.42619628    17
1 43201U 18016A   18034.42225075  .00000346 -10967-5  00000+0 0  9990
2 43201  30.9013 260.0898 1217847  78.8558 294.6238 13.42812885    31
1 43201U 18016A   18034.64531223  .00000346 -10965-5  00000-0 0  9998
2 43201  30.8929 258.9817 1219095  80.4844 293.1121 13.42888541    67
1 43201U 18016A   18034.86835356  .00000343 -10831-5  00000+0 0  9994
2 43201  30.9015 257.8725 1221922  82.2789 291.4510 13.42973509    95
1 43201U 18016A   18034.94269981  .00000342 -10814-5  00000-0 0  9999
2 43201  30.9015 257.4987 1222030  82.8847 290.8790 13.42976447   102
1 43201U 18016A   18035.01704507  .00000344 -10847-5  00000+0 0  9993
2 43201  30.8989 257.1090 1218176  83.5316 290.3567 13.43090073   119
1 43201U 18016A   18035.31430358  .00000345 -10849-5  00000+0 0  9999
2 43201  30.8966 255.5875 1214068  86.0318 287.7853 13.43230574   157
1 43201U 18016A   18035.68595230  .00000347 -10895-5  00000+0 0  9993
2 43201  30.8916 253.6842 1209676  88.5992 285.5615 13.43335668   207
1 43201U 18016A   18035.83451160  .00000348 -10923-5  00000-0 0  9997
2 43201  30.8887 252.9187 1208458  89.4988 284.3651 13.43372521   228
1 43201U 18016A   18035.98315235  .00000345 -10805-5  00000+0 0  9990
2 43201  30.9002 252.2195 1215478  91.1633 283.0908 13.43709193   249
1 43201U 18016A   18036.72609409  .00329268 -10955-5  76004-3 0  9997
2 43201  30.8994 248.4394 1213342  97.0450 278.0066 13.44324430   344
1 43201U 18016A   18036.94864851  .00331323 -11020-5  76291-3 0  9992
2 43201  30.8994 247.3115 1212766  98.8142 275.1405 13.44476486   376
1 43201U 18016A   18037.61676781  .00375365 -11287-5  86675-3 0  9996
2 43201  30.9000 243.9265 1210164 104.0901 269.6952 13.45034936   462
1 43201U 18016A   18037.83940992  .00381023 -11393-5  87509-3 0  9991
2 43201  30.9004 242.7997 1209578 105.8254 267.8789 13.45216919   496
1 43201U 18016A   18037.91361773  .00381406 -11432-5  87386-3 0  9996
2 43201  30.9004 242.4227 1209424 106.4184 267.2563 13.45274090   508
1 43201U 18016A   18038.58130016  .00416381 -11856-5  96118-3 0  9998
2 43201  30.8991 239.0320 1206447 111.6806 261.6459 13.45871995   597
1 43201U 18016A   18038.65546807  .00417090 -11908-5  96251-3 0  9999
2 43201  30.8991 238.6554 1206178 112.2695 261.0104 13.45935205   603
1 43201U 18016A   18038.87794630  .00421458 -12062-5  96996-3 0  9993
2 43201  30.8997 237.5225 1205414 114.0213 259.1136 13.46132102   632
1 43201U 18016A   18038.90041061  .00415154 -12146-5  96490-3 0  9998
2 43201  30.9001 237.3836 1200184 114.2264  23.1054 13.47212642   639
1 43201U 18016A   18040.51083317  .00408982 -13594-5  94093-3 0  9994
2 43201  30.9002 229.1740 1194782 127.0742 277.3439 13.48519942   850
1 43201U 18016A   18041.46614563  .00426888 -14698-5  98042-3 0  9991
2 43201  30.8983 224.3375 1191179 134.6990 236.4590 13.49344724   987
1 43201U 18016A   18042.59061352  .00438784 -16058-5  10382-2 0  9998
2 43201  30.9106 218.5517 1185459 143.6053 300.8814 13.50345269  1132
1 43201U 18016A   18042.66698760  .00455821 -16239-5  10479-2 0  9994
2 43201  30.9021 218.1480 1186283 144.2525 312.1587 13.50434476  1143
1 43201U 18016A   18043.69860961  .00447928 -17726-5  10218-2 0  9994
2 43201  30.9024 212.8668 1182461 152.5227 289.1803 13.51364518  1289
1 43201U 18016A   18043.85500883  .00453024 -17965-5  10170-2 0  9992
2 43201  30.9024 212.0645 1182475 153.7796 330.0984 13.51512244  1305
1 43201U 18016A   18044.50709574  .00452237 -18972-5  10169-2 0  9995
2 43201  30.9025 208.7205 1179788 159.0061 263.4736 13.52099647  1398
1 43201U 18016A   18044.74085983  .00451038 -19339-5  10216-2 0  9991
2 43201  30.9024 207.5190 1178559 160.8727 321.4227 13.52307503  1428
1 43201U 18016A   18044.89084728  .00450690 -19579-5  10231-2 0  9999
2 43201  30.9023 206.7481 1177865 162.0777 331.6407 13.52441858  1446
1 43201U 18016A   18045.54424394  .00446502 -20624-5  10146-2 0  9994
2 43201  30.9030 203.3874 1175245 167.3126 273.5730 13.53019759  1534
1 43201U 18016A   18045.84944051  .00447479 -21117-5  98946-3 0  9991
2 43201  30.9042 201.8241 1175165 169.7622 320.3116 13.53295047  1575
1 43201U 18016A   18046.50267135  .00452073 -22199-5  99339-3 0  9990
2 43201  30.9042 198.4638 1172777 175.0087 263.4713 13.53889773  1662
1 43201U 18016A   18047.39469179  .00454222 -23675-5  10075-2 0  9997
2 43201  30.9048 193.8643 1168761 182.1898 292.4976 13.54703198  1783
1 43201U 18016A   18047.84194572  .00466731 -24493-5  11031-2 0  9999
2 43201  30.8952 191.5087 1164022 185.8402 314.1308 13.55163762  1846
1 43201U 18016A   18048.41490208  .00455740 -25352-5  10253-2 0  9996
2 43201  30.9028 188.5848 1163957 190.3487 229.8853 13.55648468  1929
1 43201U 18016A   18048.49411573  .00543132 -25736-5  13024-2 0  9990
2 43201  30.8816 188.1337 1159799 191.2561 256.7896 13.55974534  1937
1 43201U 18016A   18048.49411573  .00530184 -25612-5  12952-2 0  9995
2 43201  30.8921 188.1419 1159175 191.0995 256.8451 13.55935150  1931
1 43201U 18016A   18049.36395811  .00362360 -27044-5  89879-3 0  9991
2 43201  30.8815 183.6437 1156377 198.5000 182.9618 13.56406599  2052
1 43201U 18016A   18049.52339086  .00345297 -27255-5  85855-3 0  9995
2 43201  30.8836 182.8181 1155937 199.7486 241.4789 13.56480450  2074
1 43201U 18016A   18049.75369941  .00353241 -27316-5  96275-3 0  9997
2 43201  30.9017 181.6168 1151020 200.9336 287.0803 13.56676458  2108
1 43201U 18016A   18050.47843388  .00546795 -28679-5  11704-2 0  9994
2 43201  30.8929 177.8967 1156874 206.9219 228.3852 13.57711401  2203
1 43201U 18016A   18050.70761049  .00517352 -28928-5  10944-2 0  9992
2 43201  30.9043 176.7278 1156441 208.8628 268.4955 13.57917718  2230
1 43201U 18016A   18050.78581603  .00513031 -29042-5  10998-2 0  9993
2 43201  30.9038 176.3231 1155557 209.5277 290.7686 13.57991941  2244
1 43201U 18016A   18051.35051634  .00499361 -29840-5  10946-2 0  9991
2 43201  30.9004 173.3888 1152204 214.1215 171.9536 13.58535251  2324
1 43201U 18016A   18051.74085493  .00476479 -30291-5  10095-2 0  9996
2 43201  30.9103 171.3884 1152178 217.3323 281.0624 13.58860482  2376
1 43201U 18016A   18052.30281331  .00422199 -30936-5  93475-3 0  9998
2 43201  30.9131 168.4758 1148518 221.9403 150.3317 13.59266049  2453
1 43201U 18016A   18052.54205753  .00396811 -31163-5  87144-3 0  9998
2 43201  30.9177 167.2454 1148233 223.7897 241.0936 13.59405375  2489
1 43201U 18016A   18052.77324205  .00388848 -31423-5  85373-3 0  9999
2 43201  30.9183 166.0482 1147507 225.6768 292.5036 13.59570450  2518
1 43201U 18016A   18053.33416465  .00367343 -32051-5  79511-3 0  9994
2 43201  30.9156 163.1305 1146403 230.2411 158.2437 13.59951510  2592
1 43201U 18016A   18053.57334668  .00363200 -32287-5  78190-3 0  9995
2 43201  30.9166 161.8912 1145908 232.1847 249.2745 13.60113472  2621
1 43201U 18016A   18053.72963867  .00360796 -32431-5  77902-3 0  9999
2 43201  30.9172 161.0711 1145296 233.4431 294.5914 13.60223156  2644
1 43201U 18016A   18054.23052770  .00355257 -32878-5  76400-3 0  9991
2 43201  30.9185 158.4709 1143919 237.5150 227.6365 13.60569840  2716
1 43201U 18016A   18054.44501564  .00357422 -33066-5  77085-3 0  9990
2 43201  30.9174 157.3534 1143096 239.2527 198.2895 13.60728238  2743
1 43201U 18016A   18054.68267676  .00359025 -33238-5  76200-3 0  9999
2 43201  30.9202 156.1127 1142984 241.1280 282.6632 13.60904425  2777
1 43201U 18016A   18055.23634258  .00382742 -33646-5  80733-3 0  9996
2 43201  30.9202 153.2328 1141244 245.6284 115.7005 13.61355522  2857
1 43201U 18016A   18055.47512907  .00392945 -33799-5  81601-3 0  9998
2 43201  30.9216 151.9880 1140969 247.5835 206.0889 13.61564307  2886
1 43201U 18016A   18055.62601572  .00395592 -33886-5  82930-3 0  9996
2 43201  30.9215 151.1998 1140031 248.8365 225.6880 13.61687223  2903
1 43201U 18016A   18056.49606270  .00382219 -34288-5  80476-3 0  9994
2 43201  30.9226 146.6657 1136965 255.9235 171.6983 13.62335380  3025
1 43201U 18016A   18057.21601620  .00354012 -34473-5  74308-3 0  9992
2 43201  30.9262 142.9134 1134974 261.7119 103.2935 13.62810476  3121
1 43201U 18016A   18057.45398898  .00347629 -34524-5  73037-3 0  9999
2 43201  30.9254 141.6729 1134260 263.6428 190.8646 13.62961767  3154
1 43201U 18016A   18057.68400784  .00334382 -34560-5  70912-3 0  9993
2 43201  30.9242 140.4848 1133254 265.5567 239.4762 13.63099382  3185
1 43201U 18016A   18058.24432117  .00343915 -34599-5  71953-3 0  9991
2 43201  30.9239 137.5591 1132051 270.1354 109.4396 13.63498534  3263
1 43201U 18016A   18058.48263999  .00347152 -34591-5  72839-3 0  9990
2 43201  30.9233 136.3120 1131180 272.0827 199.3283 13.63667999  3299
1 43201U 18016A   18058.64067863  .00354331 -34594-5  74406-3 0  9992
2 43201  30.9211 135.4854 1130619 273.3689 255.2142 13.63787181  3310
1 43201U 18016A   18059.19361198  .00357657 -34503-5  74653-3 0  9999
2 43201  30.9212 132.5974 1129100 277.8771  90.3240 13.64186247  3398
1 43201U 18016A   18059.43070344  .00361682 -34431-5  75090-3 0  9995
2 43201  30.9229 131.3567 1128531 279.8195 174.7821 13.64365263  3423
1 43201U 18016A   18059.51046439  .00361696 -34414-5  75205-3 0  9996
2 43201  30.9219 130.9385 1128213 280.4743 206.5510 13.64422777  3433
1 43201U 18016A   18060.22065845  .00369652 -34133-5  76805-3 0  9993
2 43201  30.9230 127.2031 1125883 286.2719  95.6922 13.64955292  3538
1 43201U 18016A   18060.45812322  .00367025 -34010-5  76188-3 0  9998
2 43201  30.9240 125.9568 1125178 288.2083 182.6201 13.65122680  3560
1 43201U 18016A   18060.61694597  .00364679 -33919-5  75897-3 0  9993
2 43201  30.9247 125.1293 1124572 289.4974 243.1843 13.65234948  3581
1 43201U 18016A   18061.86056883  .00361172 -33001-5  76751-3 0  9998
2 43201  30.9310 118.6192 1119771 299.7944 237.1898 13.66120046  3759
1 43201U 18016A   18062.43138245  .00372378 -32597-5  77169-3 0  9998
2 43201  30.9229 115.6246 1118874 304.3465 165.0984 13.66560498  3832
1 43201U 18016A   18063.00596095  .00392823 -32027-5  82257-3 0  9992
2 43201  30.9236 112.6136 1116347 309.0414 112.3444 13.67033543  3916
1 43201U 18016A   18063.53592448  .00398536 -31477-5  82462-3 0  9991
2 43201  30.9226 109.8299 1114959 313.3771 200.8893 13.67459836  3989
1 43201U 18016A   18063.86762731  .00392993 -31113-5  83074-3 0  9999
2 43201  30.9206 108.0903 1112945 316.0708  33.9890 13.67711308  4026
1 43201U 18016A   18064.03115631  .00393564 -30924-5  84259-3 0  9990
2 43201  30.9197 107.2225 1111836 317.3968 119.2374 13.67840781  4059
1 43201U 18016A   18064.32313990  .00393738 -30565-5  85021-3 0  9992
2 43201  30.9196 105.6779 1110457 319.8210 117.1320 13.68070064  4091
1 43201U 18016A   18064.56057988  .00390161 -30279-5  84017-3 0  9993
2 43201  30.9189 104.4388 1109767 321.7660 206.6132 13.68251681  4124
1 43201U 18016A   18065.19368760  .00391887 -29457-5  84017-3 0  9998
2 43201  30.9189 101.1082 1107760 326.9655  85.6785 13.68746859  4216
1 43201U 18016A   18065.27119512  .00357578 -29362-5  77647-3 0  9991
2 43201  30.9176 100.6736 1106749 327.6737 107.6484 13.68850503  4221
1 43201U 18016A   18065.50538767  .00420648 -29040-5  94927-3 0  9996
2 43201  30.9138  99.4471 1104195 329.5469 181.8660 13.69059343  4253
1 43201U 18016A   18065.83914352  .00411380 -28560-5  93067-3 0  9993
2 43201  30.9151  97.6839 1102939 332.3417  26.9039 13.69318004  4302
1 43201U 18016A   18065.99931149  .00414527 -28322-5  90395-3 0  9996
2 43201  30.9188  96.8613 1103911 333.6236  96.5070 13.69453379  4322
1 43201U 18016A   18066.52875483  .00419527 -27564-5  90389-3 0  9999
2 43201  30.9172  94.0734 1102412 338.0087 187.1068 13.69907355  4396
1 43201U 18016A   18066.78365741  .00410942 -27188-5  88053-3 0  9997
2 43201  30.9174  92.7313 1101816 340.1168   4.2273 13.70094053  4422
1 43201U 18016A   18067.08257417  .00403284 -26741-5  83598-3 0  9995
2 43201  30.9175  91.1408 1102190 342.6321  38.6537 13.70324328  4475
1 43201U 18016A   18067.31821326  .00392435 -26399-5  81927-3 0  9995
2 43201  30.9154  89.8918 1101160 344.5852 121.1326 13.70489110  4507
1 43201U 18016A   18067.47232000  .00385108 -26179-5  80659-3 0  9993
2 43201  30.9145  89.0881 1100544 345.8230 161.5033 13.70596954  4527
1 43201U 18016A   18067.72864583  .00386204 -25781-5  81836-3 0  9992
2 43201  30.9142  87.7318 1099166 347.9428 346.3515 13.70797234  4558
1 43201U 18016A   18068.10781918  .00399250 -25214-5  80357-3 0  9998
2 43201  30.9125  85.7078 1099889 351.0603  57.7954 13.71122025  4611
1 43201U 18016A   18068.49466119  .00410916 -24587-5  82840-3 0  9997
2 43201  30.9143  83.6784 1098344 354.2530 167.5127 13.71455993  4661
1 43201U 18016A   18068.78916221  .00424228 -24128-5  85983-3 0  9996
2 43201  30.9133  82.1201 1096936 356.6704 181.7193 13.71724092  4707
1 43201U 18016A   18069.12579543  .00430793 -23609-5  86878-3 0  9998
2 43201  30.9123  80.3377 1095805 359.4294  44.3170 13.72026884  4758
1 43201U 18016A   18069.35851839  .00436114 -23242-5  87096-3 0  9993
2 43201  30.9123  79.1036 1095279   1.3562 113.9026 13.72237997  4787
1 43201U 18016A   18069.43692296  .00439153 -23112-5  87206-3 0  9997
2 43201  30.9128  78.6874 1095190   2.0194 141.2258 13.72311498  4798
1 43201U 18016A   18070.07284541  .00488113 -22087-5  10190-2 0  9996
2 43201  30.9131  75.3315 1090050   7.3044  43.7921 13.73000993  4887
1 43201U 18016A   18070.45771047  .00510747 -21505-5  10279-2 0  9991
2 43201  30.9122  73.2829 1089753  10.4473 146.4467 13.73415702  4933
1 43201U 18016A   18070.71418981  .00518104 -21121-5  10566-2 0  9993
2 43201  30.9118  71.9351 1087968  12.5474 334.7202 13.73692929  4963
1 43201U 18016A   18071.09188760  .00520425 -20534-5  10634-2 0  9996
2 43201  30.9135  69.9355 1086135  15.7145  42.7839 13.74088646  5024
1 43201U 18016A   18071.31423028  .00521248 -20210-5  10661-2 0  9995
2 43201  30.9131  68.7576 1085072  17.5491  62.7467 13.74319781  5054
1 43201U 18016A   18071.46887082  .00518789 -19980-5  10555-2 0  9995
2 43201  30.9140  67.9357 1084599  18.8270 107.8825 13.74476703  5073
1 43201U 18016A   18071.73223380  .00514954 -19601-5  10470-2 0  9996
2 43201  30.9138  66.5534 1083456  21.0200 331.1289 13.74741031  5101
1 43201U 18016A   18072.11110071  .00515360 -19051-5  10450-2 0  9990
2 43201  30.9157  64.5406 1081836  24.1642  46.4371 13.75132329  5161
1 43201U 18016A   18072.33965050  .00511269 -18797-5  10358-2 0  9996
2 43201  30.9088  63.3289 1080871  26.0330  97.9726 13.75358366  5192
1 43201U 18016A   18072.41768456  .00506757 -18706-5  10347-2 0  9990
2 43201  30.9078  62.9195 1080225  26.6505 124.3711 13.75430311  5207
1 43201U 18016A   18072.67582176  .00492498 -18345-5  99536-3 0  9994
2 43201  30.9101  61.5522 1079658  28.7894 322.6060 13.75654662  5235
1 43201U 18016A   18073.12642985  .00473302 -17737-5  95338-3 0  9993
2 43201  30.9127  59.1580 1078022  32.5637  34.4360 13.76055345  5305
1 43201U 18016A   18073.35780053  .00466226 -17455-5  93940-3 0  9998
2 43201  30.9115  57.9235 1077095  34.4994 100.6684 13.76261785  5336
1 43201U 18016A   18073.43643316  .00460226 -17370-5  92493-3 0  9999
2 43201  30.9106  57.5002 1076920  35.1323 130.2789 13.76325399  5342
1 43201U 18016A   18074.07001133  .00451269 -16628-5  89352-3 0  9997
2 43201  30.9092  54.0973 1075079  40.3925  30.1470 13.76882069  5432
1 43201U 18016A   18074.29153177  .00451481 -16369-5  89456-3 0  9990
2 43201  30.9100  52.9146 1074159  42.2544  48.2464 13.77083367  5468
1 43201U 18016A   18074.37531177  .00453818 -16263-5  89434-3 0  9994
2 43201  30.9114  52.4710 1074031  42.9585 103.5936 13.77163212  5474
1 43201U 18016A   18075.16222071  .00512023 -15490-5  10716-2 0  9993
2 43201  30.9063  48.2771 1067597  49.5942  46.2800 13.78045926  5583
1 43201U 18016A   18075.31451980  .00524898 -15395-5  10616-2 0  9999
2 43201  30.9008  47.4522 1068267  50.7670  81.9709 13.78220760  5602
1 43201U 18016A   18076.10356196  .00548959 -14663-5  10830-2 0  9999
2 43201  30.9082  43.2319 1065351  57.3869  38.1691 13.79115708  5718
1 43201U 18016A   18076.33019250  .00551861 -14541-5  10931-2 0  9994
2 43201  30.9031  42.0216 1064062  59.2656  83.4697 13.79368916  5741
1 43201U 18016A   18076.96261438  .00541445 -14125-5  10746-2 0  9999
2 43201  30.9040  38.6293 1061011  64.5952 344.6184 13.80039601  5837
1 43201U 18016A   18077.33841517  .00506902 -13936-5  10324-2 0  9993
2 43201  30.9037  36.6190 1058378  67.7692  51.8297 13.80387766  5880
1 43201U 18016A   18077.60283565  .00491831 -13818-5  97193-3 0  9999
2 43201  30.9025  35.2160 1058585  69.9019 285.9843 13.80627539  5912
1 43201U 18016A   18077.97696956  .00486976 -13658-5  96660-3 0  9995
2 43201  30.9037  33.2104 1056827  73.0751 345.7163 13.80982411  5976
1 43201U 18016A   18078.28231711  .00484127 -13533-5  95337-3 0  9992
2 43201  30.9064  31.5734 1055862  75.6410  63.9159 13.81275673  6010
1 43201U 18016A   18079.06885194  .00522197 -13393-5  10456-2 0  9991
2 43201  30.9054  27.3629 1051325  82.3135  16.2807 13.82142765  6123
1 43201U 18016A   18079.28940654  .00528817 -13420-5  10487-2 0  9998
2 43201  30.9000  26.1767 1050672  84.1031  33.8452 13.82382024  6151
1 43201U 18016A   18080.00579508  .00508638 -13286-5  95632-3 0  9991
2 43201  30.9172  22.2856 1049794  90.0186 359.9592 13.83083500  6253
1 43201U 18016A   18080.23171838  .00498240 -13416-5  98102-3 0  9997
2 43201  30.9068  21.0862 1046960  92.0247  44.8148 13.83288311  6280
1 43201U 18016A   18081.16736779  .00453814 -13548-5  87330-3 0  9996
2 43201  30.9200  16.0536 1044371  99.9113  25.4309 13.84089699  6410
1 43201U 18016A   18081.60828316  .00439841 -13760-5  84734-3 0  9999
2 43201  30.9162  13.6699 1042675 103.5373  62.7476 13.84462076  6474
1 43201U 18016A   18082.02185396  .00433548 -13948-5  83302-3 0  9996
2 43201  30.9193  11.4325 1041247 107.0508 324.2320 13.84809630  6535
1 43201U 18016A   18082.17321524  .00434002 -14060-5  83958-3 0  9996
2 43201  30.9163  10.6097 1040383 108.2842 358.8909 13.84940502  6555
1 43201U 18016A   18082.95643448  .00446496 -14587-5  85599-3 0  9991
2 43201  30.9184   6.3826 1037609 114.9618 304.8192 13.85652949  6665
1 43201U 18016A   18083.10791617  .00453493 -14670-5  86687-3 0  9998
2 43201  30.9229   5.5513 1037044 116.2313 340.5626 13.85808322  6688
1 43201U 18016A   18083.97142147  .00503530 -15593-5  96325-3 0  9994
2 43201  30.9067   0.9208 1032953 123.4839 330.0232 13.86726579  6800
1 43201U 18016A   18084.12342022  .00507879 -15726-5  97793-3 0  9994
2 43201  30.9084   0.1114 1031965 124.6916   8.9390 13.86888262  6824
1 43201U 18016A   18084.82965858  .00553710 -16530-5  10822-2 0  9995
2 43201  30.9066 356.2854 1027665 130.6891 296.1522 13.87718777  6924
1 43201U 18016A   18085.12682134  .00576553 -16885-5  11041-2 0  9999
2 43201  30.9068 354.6845 1026930 133.2090 340.9097 13.88079353  6962
1 43201U 18016A   18086.13454529  .00569921 -18177-5  10810-2 0  9996
2 43201  30.9065 349.2190 1022253 141.7686 338.6571 13.89226976  7105
1 43201U 18016A   18086.69051726  .00568101 -18950-5  10702-2 0  9997
2 43201  30.9064 346.1996 1019763 146.4987 239.8072 13.89855146  7185
1 43201U 18016A   18086.92170948  .00560393 -19276-5  10526-2 0  9992
2 43201  30.9068 344.9380 1018816 148.4660 316.6343 13.90095907  7212
1 43201U 18016A   18087.14125992  .00565066 -19598-5  10582-2 0  9997
2 43201  30.9068 343.7467 1017826 150.3200 335.4527 13.90348740  7249
1 43201U 18016A   18087.69699831  .00568645 -20440-5  10547-2 0  9990
2 43201  30.9066 340.7258 1015417 155.0599 237.6918 13.90984170  7328
1 43201U 18016A   18088.00267095  .00568833 -20893-5  10587-2 0  9994
2 43201  30.9084 339.0629 1013741 157.6413 328.5619 13.91330781  7368
1 43201U 18016A   18088.07355041  .00568871 -21005-5  10552-2 0  9990
2 43201  30.9084 338.6776 1013525 158.2481 323.5892 13.91411206  7379
1 43201U 18016A   18088.70279226  .00552019 -21974-5  10308-2 0  9991
2 43201  30.9096 335.2456 1010277 163.5689 236.2684 13.92082848  7466
1 43201U 18016A   18088.93245869  .00536357 -22342-5  97356-3 0  9998
2 43201  30.9089 334.0054 1010521 165.5403 307.2422 13.92294584  7491
1 43201U 18016A   18089.57279207  .00515408 -23380-5  93213-3 0  9997
2 43201  30.9087 330.5070 1007852 171.0398 277.4349 13.92932301  7588
1 43201U 18016A   18089.78465174  .00492644 -23697-5  92138-3 0  9992
2 43201  30.9091 329.3355 1005751 172.8058 259.8075 13.93089648  7615
1 43201U 18016A   18090.00620388  .00493734 -24060-5  92138-3 0  9995
2 43201  30.9091 328.1255 1004876 174.6954 291.0056 13.93308532  7649
1 43201U 18016A   18090.08278938  .00503617 -24155-5  96176-3 0  9996
2 43201  30.9110 327.7103 1003503 175.2521 315.2576 13.93399589  7650
1 43201U 18016A   18090.57748338  .00518434 -24979-5  98434-3 0  9992
2 43201  30.9109 325.0068 1001400 179.4929 277.2438 13.93930752  7726
1 43201U 18016A   18090.86774292  .00522100 -25467-5  97451-3 0  9998
2 43201  30.9117 323.3987 1000751 182.0500 293.9335 13.94240373  7768
1 43201U 18016A   18091.08660363  .00535820 -25826-5  10028-2 0  9992
2 43201  30.9115 322.2118 0999549 183.8766 312.5874 13.94487394  7799
1 43201U 18016A   18091.50511772  .00533497 -26509-5  99166-3 0  9996
2 43201  30.9118 319.9133 0997879 187.4858 253.8995 13.94929887  7854
1 43201U 18016A   18091.79221131  .00525578 -26962-5  97419-3 0  9997
2 43201  30.9122 318.3411 0996737 189.9359 255.7323 13.95214742  7894
1 43201U 18016A   18092.01456965  .00517570 -27332-5  92064-3 0  9994
2 43201  30.9122 317.1451 0997513 191.8899 292.5891 13.95427926  7922
1 43201U 18016A   18092.50915319  .00490911 -28099-5  88894-3 0  9997
2 43201  30.9113 314.4322 0994769 196.1375 257.4886 13.95879815  7995
1 43201U 18016A   18092.65575025  .00479050 -28307-5  88400-3 0  9995
2 43201  30.9118 313.6238 0993471 197.3834 274.1514 13.95994364  8014
1 43201U 18016A   18093.77627156  .00492103 -29948-5  88400-3 0  9998
2 43201  30.9160 307.4753 0989787 206.9390 147.6329 13.97083200  8178
1 43201U 18016A   18093.91913329  .00492257 -30167-5  88400-3 0  9999
2 43201  30.9148 306.6880 0989186 208.1999 146.1437 13.97222095  8191
1 43201U 18016A   18094.56183681  .00502054 -31055-5  88400-3 0  9995
2 43201  30.9165 303.1563 0987151 213.7609 139.6550 13.97869013  8280
1 43201U 18016A   18094.63322278  .00490122 -31119-5  88400-3 0  9993
2 43201  30.9173 302.7717 0985991 214.3259 138.8468 13.97904190  8299
1 43201U 18016A   18094.91879418  .00478737 -31496-5  88400-3 0  9993
2 43201  30.9144 301.1778 0984574 216.7977 135.7559 13.98001242  8335
1 43201U 18016A   18095.41850850  .00467191 -32091-5  88400-3 0  9992
2 43201  30.9140 298.4296 0981529 221.0226 131.1569 13.98456162  8401
1 43201U 18016A   18095.63261714  .00459027 -32324-5  88400-3 0  9999
2 43201  30.9153 297.2438 0979925 222.8878 129.1005 13.98649075  8431
1 43201U 18016A   18095.77533212  .00479860 -32515-5  88400-3 0  9998
2 43201  30.9152 296.4629 0981286 224.0969 127.7043 13.98767694  8457
1 43201U 18016A   18095.84668639  .00473659 -32603-5  88400-3 0  9996
2 43201  30.9148 296.0643 0980452 224.8140 126.8899 13.98831919  8469
1 43201U 18016A   18095.91803858  .00467143 -32684-5  88400-3 0  9998
2 43201  30.9143 295.6649 0979567 225.4778 126.1555 13.98899162  8471
1 43201U 18016A   18096.48872403  .00465239 -33258-5  88400-3 0  9995
2 43201  30.9155 292.5350 0977352 230.2677 120.6405 13.99360912  8550
1 43201U 18016A   18096.63139669  .00466583 -33373-5  88400-3 0  9993
2 43201  30.9180 291.7435 0976934 231.4406 119.4462 13.99483401  8571
1 43201U 18016A   18096.84535117  .00520405 -33648-5  88400-3 0  9993
2 43201  30.9189 290.5727 0980729 233.3073 117.3475 13.99660769  8608
1 43201U 18016A   18096.91666329  .00518306 -33750-5  88400-3 0  9992
2 43201  30.9155 290.1720 0980256 234.0131 116.5696 13.99730019  8611
1 43201U 18016A   18096.98796860  .00516813 -33836-5  88400-3 0  9999
2 43201  30.9134 289.7741 0979821 234.6805 115.8246 13.99801702  8627
1 43201U 18016A   18097.62956683  .00448459 -33913-5  88400-3 0  9998
2 43201  30.9533 286.3179 0971949 239.9695 109.3809 14.00227273  8717
1 43201U 18016A   18097.84356562  .00492417 -34245-5  88400-3 0  9994
2 43201  30.9413 285.1355 0975215 241.8725 107.9978 14.00389034  8741
1 43201U 18016A   18097.91484381  .00498903 -34321-5  88400-3 0  9994
2 43201  30.9398 284.7426 0975478 242.5139 107.2992 14.00453687  8751
1 43201U 18016A   18098.55617824  .00464277 -34815-5  88400-3 0  9990
2 43201  30.9239 281.1333 0970518 248.0111 100.9952 14.00887787  8842
1 43201U 18016A   18098.62752833  .00460064 -34844-5  88400-3 0  9990
2 43201  30.9244 280.7380 0969862 248.6161 100.8278 14.00947976  8854
1 43201U 18016A   18098.84129039  .00495865 -35076-5  88400-3 0  9995
2 43201  30.9172 279.5405 0972347 250.5494  98.7618 14.01104804  8883
1 43201U 18016A   18098.91253563  .00495891 -35120-5  88400-3 0  9992
2 43201  30.9166 279.1458 0972048 251.2165  98.0623 14.01173129  8897
1 43201U 18016A   18099.48236039  .00459373 -35307-5  88400-3 0  9996
2 43201  30.9163 276.0103 0967208 256.0824  92.5378 14.01533904  8970
1 43201U 18016A   18099.55368489  .00449679 -35277-5  88400-3 0  9993
2 43201  30.9207 275.6114 0966091 256.6462  92.4118 14.01578973  8986
1 43201U 18016A   18099.83859566  .00482913 -35446-5  88400-3 0  9991
2 43201  30.9168 274.0469 0968204 259.0740  89.9486 14.01790806  9028
1 43201U 18016A   18100.47938601  .00469951 -35501-5  88400-3 0  9991
2 43201  30.9233 270.4841 0965017 264.7039  83.9003 14.02251046  9116
1 43201U 18016A   18100.62184693  .00470315 -35525-5  88400-3 0  9994
2 43201  30.9223 269.7029 0964513 265.8561  83.1377 14.02372691  9134
1 43201U 18016A   18100.83539812  .00497172 -35591-5  88400-3 0  9997
2 43201  30.9206 268.5016 0966041 267.8036  81.1818 14.02559172  9167
1 43201U 18016A   18100.90657431  .00498275 -35593-5  88400-3 0  9990
2 43201  30.9207 268.1076 0965823 268.4221  80.5704 14.02629858  9177
1 43201U 18016A   18101.12008265  .00517562 -35681-5  88400-3 0  9999
2 43201  30.9130 266.9125 0966562 270.4840  78.4727 14.02821648  9200
1 43201U 18016A   18101.47588972  .00497310 -35625-5  88400-3 0  9991
2 43201  30.9139 264.9453 0963494 273.3030  75.7928 14.03139223  9255
1 43201U 18016A   18101.61818488  .00495786 -35601-5  88400-3 0  9994
2 43201  30.9144 264.1574 0962773 274.4793  74.6410 14.03273620  9270
1 43201U 18016A   18101.83161146  .00506656 -35573-5  88400-3 0  9997
2 43201  30.9151 262.9748 0962784 276.3123  72.8786 14.03477327  9307
1 43201U 18016A   18102.47168334  .00480036 -35284-5  88400-3 0  9996
2 43201  30.9243 259.4365 0958215 281.9852  67.1096 14.03997507  9397
1 43201U 18016A   18102.61398253  .00472007 -35220-5  88400-3 0  9996
2 43201  30.9250 258.6573 0956955 283.1213  66.4369 14.04120051  9412
1 43201U 18016A   18102.75619271  .00502087 -35252-5  88400-3 0  9994
2 43201  30.9198 257.8806 0959061 284.1876  65.4148 14.04235996  9431
1 43201U 18016A   18102.82729284  .00520557 -35242-5  88400-3 0  9999
2 43201  30.9190 257.4742 0960264 284.9575  64.6699 14.04305099  9444
1 43201U 18016A   18103.53807516  .00466972 -34783-5  88400-3 0  9992
2 43201  30.9228 253.5157 0953482 291.2174  58.2848 14.04803239  9548
1 43201U 18016A   18103.60927266  .00467213 -34755-5  88400-3 0  9993
2 43201  30.9216 253.1231 0953229 291.7761  58.4111 14.04865609  9555
1 43201U 18016A   18103.82247291  .00505719 -34680-5  88400-3 0  9991
2 43201  30.9189 251.9313 0955734 293.7039  56.6109 14.05059389  9585
1 43201U 18016A   18104.60393055  .00479519 -34037-5  88400-3 0  9992
2 43201  30.9256 247.6236 0950708 300.3695  50.1213 14.05689546  9696
1 43201U 18016A   18104.81710873  .00509044 -33916-5  88400-3 0  9998
2 43201  30.9219 246.4252 0952351 302.2446  48.9224 14.05889702  9728
1 43201U 18016A   18104.81711039  .00519510 -33946-5  88400-3 0  9995
2 43201  30.9178 246.3927 0953506 302.3666  48.7525 14.05820424  9726
1 43201U 18016A   18105.52726858  .00440874 -33206-5  88400-3 0  9994
2 43201  30.9214 242.4552 0943903 308.4568  43.4841 14.06409522  9823
1 43201U 18016A   18105.74024949  .00557105 -33187-5  88400-3 0  9994
2 43201  30.9090 241.2521 0953134 310.2672  41.7722 14.06559382  9854
1 43201U 18016A   18105.81124884  .00566539 -33120-5  88400-3 0  9999
2 43201  30.9087 240.8538 0953478 310.9011  41.2719 14.06636559  9862
1 43201U 18016A   18106.23709122  .00455137 -32534-5  88400-3 0  9999
2 43201  30.9152 238.5134 0942753 314.6268  37.7243 14.06984628  9922
1 43201U 18016A   18106.52104446  .00435719 -32124-5  88400-3 0  9998
2 43201  30.9245 236.9322 0939907 317.0728  36.0048 14.07198467  9969
1 43201U 18016A   18106.59200270  .00442910 -32091-5  88400-3 0  9991
2 43201  30.9203 236.5302 0940366 317.6443  35.5171 14.07257069  9974
1 43201U 18016A   18106.73391206  .00512808 -32027-5  88400-3 0  9990
2 43201  30.9141 235.7206 0946085 318.8381  34.4467 14.07382437  9993
1 43201U 18016A   18107.23047119  .00492308 -31347-5  88400-3 0  9993
2 43201  30.9191 232.9590 0942679 323.3094  30.3211 14.07765617 10067
1 43201U 18016A   18107.58517945  .00452027 -30890-5  88400-3 0  9996
2 43201  30.9185 230.9947 0937729 326.3458  28.0791 14.08056590 10118
1 43201U 18016A   18107.72700852  .00482088 -30733-5  88400-3 0  9999
2 43201  30.9168 230.1915 0939956 327.5910  27.0012 14.08180852 10132
1 43201U 18016A   18108.22330374  .00477518 -30064-5  88400-3 0  9992
2 43201  30.9168 227.4188 0938049 331.9194  23.0329 14.08521474 10202
1 43201U 18016A   18108.57781417  .00500753 -29594-5  88400-3 0  9992
2 43201  30.9153 225.4209 0938663 335.0041  20.7730 14.08840966 10251
1 43201U 18016A   18108.71955497  .00580696 -29427-5  88400-3 0  9998
2 43201  30.9139 224.6235 0943613 336.2234  19.7245 14.09107854 10277
1 43201U 18016A   18109.21551351  .00495472 -28666-5  88400-3 0  9996
2 43201  30.9157 221.8667 0935840 340.6433  15.4747 14.09380168 10347
1 43201U 18016A   18109.42818036  .00486413 -28330-5  88400-3 0  9998
2 43201  30.9182 220.6732 0934189 342.5277  14.5130 14.09576712 10378
1 43201U 18016A   18109.71152313  .00504100 -27956-5  88400-3 0  9996
2 43201  30.9149 219.0802 0934514 344.9266  12.5165 14.09847180 10418
1 43201U 18016A   18110.20723875  .00528948 -27213-5  88400-3 0  9991
2 43201  30.9121 216.3161 0934566 349.4129   8.5878 14.10293910 10482
1 43201U 18016A   18110.56127341  .00499865 -26686-5  88400-3 0  9994
2 43201  30.9140 214.3186 0930725 352.3930   6.3321 14.10626793 10538
1 43201U 18016A   18110.63206210  .00513451 -26620-5  88400-3 0  9991
2 43201  30.9104 213.9113 0931556 352.9444   5.8821 14.10695085 10542
1 43201U 18016A   18110.70284527  .00503526 -26525-5  88400-3 0  9992
2 43201  30.9095 213.5157 0930421 353.5529   5.3814 14.10765879 10553
1 43201U 18016A   18111.55193086  .00502727 -25184-5  88400-3 0  9997
2 43201  30.9138 208.7512 0926287   1.1316 359.1358 14.11689559 10674
1 43201U 18016A   18111.62265997  .00507719 -25058-5  88400-3 0  9992
2 43201  30.9150 208.3505 0926379   1.7944 358.5626 14.11763586 10686
1 43201U 18016A   18111.69338980  .00496633 -24941-5  88400-3 0  9994
2 43201  30.9160 207.9570 0925125   2.4447 358.0275 14.11836016 10693
1 43201U 18016A   18112.47119266  .00534762 -23849-5  88400-3 0  9997
2 43201  30.9109 203.5796 0923828   9.1243 353.1570 14.12837872 10803
1 43201U 18016A   18112.61241089  .00534450 -23629-5  88400-3 0  9992
2 43201  30.9114 202.7836 0923122  10.4146 351.4261 14.12992981 10822
1 43201U 18016A   18112.68307883  .00527136 -23526-5  88400-3 0  9993
2 43201  30.9113 202.3878 0922212  11.0499 350.8999 14.13069029 10831
1 43201U 18016A   18113.53078338  .00486382 -22350-5  88400-3 0  9999
2 43201  30.9090 197.6396 0914889  18.5109 344.6646 14.13957793 10954
1 43201U 18016A   18113.60140285  .00487542 -22252-5  88400-3 0  9998
2 43201  30.9089 197.2406 0914688  19.1285 344.1474 14.14026664 10969
1 43201U 18016A   18113.67201904  .00490236 -22154-5  88400-3 0  9996
2 43201  30.9089 196.8417 0914620  19.7416 343.6337 14.14095746 10974
1 43201U 18016A   18114.58971421  .00513175 -20946-5  88400-3 0  9990
2 43201  30.9061 191.6502 0912553  27.7549 336.8872 14.15007311 11107
1 43201U 18016A   18115.57730316  .00520713 -19745-5  88400-3 0  9997
2 43201  30.9044 186.0764 0908688  36.4905 329.4309 14.16025709 11243
1 43201U 18016A   18116.42318727  .00520730 -18800-5  88400-3 0  9990
2 43201  30.9063 181.2853 0904761  44.0663 322.8589 14.16918513 11368
1 43201U 18016A   18116.56411692  .00525250 -18654-5  88400-3 0  9999
2 43201  30.9065 180.4844 0904472  45.3200 321.7620 14.17066974 11383
1 43201U 18016A   18117.55020758  .00517647 -17824-5  88400-3 0  9997
2 43201  30.9031 174.9103 0899325  53.9271 314.1319 14.18096680 11520
1 43201U 18016A   18117.83180832  .00550891 -17652-5  88400-3 0  9995
2 43201  30.9018 173.3097 0900640  55.7953 312.4024 14.18391851 11566
1 43201U 18016A   18118.25410540  .00523313 -17355-5  88400-3 0  9993
2 43201  30.8959 170.9020 0897091  60.2747 308.1304 14.18709126 11623
1 43201U 18016A   18118.53563637  .00521525 -17148-5  88400-3 0  9993
2 43201  30.9004 169.3084 0895716  62.6848 306.2077 14.18988808 11663
1 43201U 18016A   18118.60599557  .00522159 -17107-5  88400-3 0  9990
2 43201  30.9004 168.9090 0895446  63.2999 305.6434 14.19061638 11674
1 43201U 18016A   18119.23906406  .00536536 -16786-5  88400-3 0  9991
2 43201  30.9006 165.3078 0893777  68.7258 300.5704 14.19701447 11769
1 43201U 18016A   18119.52034669  .00531844 -16684-5  88400-3 0  9990
2 43201  30.8999 163.7094 0892118  71.1943 298.3247 14.19994456 11801
1 43201U 18016A   18120.15296199  .00565455 -16438-5  88400-3 0  9991
2 43201  30.9023 160.1232 0891986  77.0704 292.5258 14.20606759 11892
1 43201U 18016A   18120.22328759  .00562603 -16409-5  88400-3 0  9997
2 43201  30.9035 159.7224 0891502  77.8454 292.0131 14.20669214 11906
1 43201U 18016A   18120.50436352  .00531184 -16409-5  88400-3 0  9997
2 43201  30.9009 158.1417 0887824  80.3540 289.6025 14.20958576 11941
1 43201U 18016A   18121.20674186  .00524181 -16368-5  88400-3 0  9997
2 43201  30.9009 154.1402 0884852  86.6012 282.9268 14.21506329 12045
1 43201U 18016A   18121.48774467  .00511040 -16435-5  88400-3 0  9995
2 43201  30.8967 152.5500 0882526  89.1389 281.0104 14.21789133 12088
1 43201U 18016A   18122.11951559  .00575197 -16446-5  88400-3 0  9990
2 43201  30.9026 148.8876 0884920  94.3962 275.4598 14.22375161 12171
1 43201U 18016A   18122.18978486  .00587686 -16435-5  88400-3 0  9999
2 43201  30.9052 148.4770 0885616  95.1484 275.0656 14.22417999 12188
1 43201U 18016A   18122.40031573  .00537473 -16556-5  88400-3 0  9994
2 43201  30.9003 147.3200 0881651  97.0336 273.0274 14.22474510 12212
1 43201U 18016A   18123.24221242  .00575311 -16927-5  88400-3 0  9996
2 43201  30.8975 142.5102 0880865 104.8470 265.1104 14.23299350 12334
1 43201U 18016A   18123.38248337  .00532106 -16956-5  88400-3 0  9992
2 43201  30.9040 141.7749 0876914 105.9211 263.9501 14.23454823 12358
1 43201U 18016A   18124.22369675  .00539476 -17480-5  88400-3 0  9995
2 43201  30.9017 136.9198 0875106 113.2959 255.3586 14.23997575 12476
1 43201U 18016A   18124.36404496  .00536404 -17587-5  88400-3 0  9997
2 43201  30.9009 136.0955 0874305 114.4986 254.9227 14.24124747 12495
1 43201U 18016A   18125.20487493  .00578476 -18320-5  88400-3 0  9990
2 43201  30.8995 131.2846 0873879 122.2154 246.5997 14.24940123 12612
1 43201U 18016A   18125.34496849  .00554627 -18511-5  88400-3 0  9994
2 43201  30.8963 130.5253 0871519 123.7056 244.9700 14.25077893 12639
1 43201U 18016A   18126.25511832  .00554079 -19390-5  88400-3 0  9992
2 43201  30.9004 125.2808 0868146 131.5831 235.3339 14.25835183 12763
1 43201U 18016A   18127.16493118  .00568400 -20460-5  88400-3 0  9992
2 43201  30.9044 120.0663 0864223 139.6867 227.3446 14.26970569 12892
1 43201U 18016A   18127.30475802  .00569344 -20640-5  88400-3 0  9996
2 43201  30.9052 119.2731 0863518 140.9732 225.6597 14.27146613 12916
1 43201U 18016A   18127.93394787  .00570233 -21492-5  88400-3 0  9992
2 43201  30.9067 115.6882 0860250 146.7331 219.0587 14.27904717 13002
1 43201U 18016A   18128.21346169  .00567612 -21840-5  88400-3 0  9999
2 43201  30.9069 114.0254 0858568 148.9576 216.4808 14.28243559 13046
1 43201U 18016A   18128.35320255  .00565702 -22027-5  88400-3 0  9998
2 43201  30.9077 113.2160 0857714 150.1870 215.0578 14.28405769 13060
1 43201U 18016A   18129.12149509  .00548767 -23196-5  88400-3 0  9995
2 43201  30.9052 108.7944 0852033 157.2145 207.3136 14.29406300 13173
1 43201U 18016A   18129.19122142  .00559484 -23320-5  88400-3 0  9993
2 43201  30.9042 108.3942 0852450 157.8695 206.1111 14.29497170 13181
1 43201U 18016A   18129.33083611  .00562057 -23537-5  88400-3 0  9996
2 43201  30.9040 107.5899 0851932 159.1446 204.6215 14.29659107 13205
1 43201U 18016A   18129.88914130  .00565003 -24396-5  88400-3 0  9993
2 43201  30.9038 104.3685 0849378 164.1750 198.7238 14.30289785 13284
1 43201U 18016A   18129.95891070  .00565265 -24505-5  88400-3 0  9990
2 43201  30.9038 103.9651 0849043 164.8091 197.9796 14.30370439 13294
1 43201U 18016A   18130.30770055  .00562624 -25018-5  88400-3 0  9996
2 43201  30.9061 101.9451 0847080 167.8965 194.3440 14.30772226 13341
1 43201U 18016A   18131.00499248  .00590757 -26173-5  88400-3 0  9997
2 43201  30.9061  97.9348 0845223 174.3816 186.9812 14.31659566 13448
1 43201U 18016A   18131.21403140  .00565696 -26468-5  88400-3 0  9997
2 43201  30.9063  96.7073 0842263 176.1639 184.6075 14.31920024 13475
1 43201U 18016A   18131.28371940  .00562223 -26563-5  88400-3 0  9995
2 43201  30.9073  96.2992 0841641 176.7662 183.8922 14.32002400 13485
1 43201U 18016A   18131.77144992  .00555468 -27363-5  88400-3 0  9996
2 43201  30.9054  93.4716 0838338 181.2567 178.8379 14.32637209 13550
1 43201U 18016A   18131.91070416  .00554065 -27606-5  88400-3 0  9993
2 43201  30.9031  92.6681 0837497 182.5380 177.0865 14.32804112 13571
1 43201U 18016A   18131.98034810  .00553194 -27717-5  88400-3 0  9993
2 43201  30.9031  92.2642 0837071 183.1791 176.3278 14.32885903 13583
1 43201U 18016A   18132.18925911  .00569140 -27956-5  88400-3 0  9990
2 43201  30.9110  91.0517 0837183 184.8972 174.3050 14.33134030 13611
1 43201U 18016A   18132.25888964  .00568305 -28072-5  88400-3 0  9996
2 43201  30.9103  90.6445 0836768 185.5329 173.5580 14.33214287 13623
1 43201U 18016A   18132.88538930  .00585541 -29073-5  88400-3 0  9993
2 43201  30.9105  87.0120 0834496 191.2921 166.9712 14.34017185 13715
1 43201U 18016A   18132.95494218  .00584357 -29183-5  88400-3 0  9997
2 43201  30.9101  86.6079 0834039 191.9306 166.0451 14.34101698 13721
1 43201U 18016A   18133.30283091  .00573081 -29706-5  88400-3 0  9995
2 43201  30.9099  84.5725 0831539 195.1215 162.3055 14.34484428 13778
1 43201U 18016A   18133.92879995  .00587747 -30635-5  88400-3 0  9994
2 43201  30.9102  80.9370 0829452 200.7650 155.7188 14.35201002 13865
1 43201U 18016A   18134.20692140  .00605787 -31064-5  88400-3 0  9993
2 43201  30.9101  79.3159 0829307 203.3634 152.7099 14.35521203 13902
1 43201U 18016A   18134.83246769  .00581137 -31859-5  88400-3 0  9998
2 43201  30.9128  75.6730 0824772 208.9619 146.0988 14.36158267 13999
1 43201U 18016A   18134.97149956  .00560727 -31970-5  88400-3 0  9999
2 43201  30.9164  74.8535 0822699 210.1092 144.9591 14.36285823 14019
1 43201U 18016A   18135.17995437  .00571752 -32318-5  88400-3 0  9992
2 43201  30.9119  73.6440 0822619 212.1699 142.6109 14.36491944 14044
1 43201U 18016A   18135.24943319  .00558487 -32350-5  88400-3 0  9998
2 43201  30.9148  73.2456 0821895 212.7240 141.9153 14.36429784 14057
1 43201U 18016A   18135.73570237  .00545557 -32875-5  88400-3 0  9993
2 43201  30.9193  70.4082 0818755 216.9930 136.9711 14.36915925 14123
1 43201U 18016A   18136.15248626  .00561800 -33393-5  88400-3 0  9999
2 43201  30.9183  67.9953 0818513 220.8071 132.8367 14.37256488 14183
1 43201U 18016A   18136.15248649  .00585834 -33460-5  88400-3 0  9992
2 43201  30.9162  68.0055 0820870 220.9955 132.6236 14.37123676 14181
1 43201U 18016A   18136.70799619  .00592718 -34007-5  88400-3 0  9998
2 43201  30.9177  64.8535 0819020 225.5908 127.4312 14.37656513 14265
1 43201U 18016A   18136.84684317  .00596517 -34141-5  88400-3 0  9991
2 43201  30.9184  64.0494 0818690 226.7839 126.0730 14.37792738 14288
1 43201U 18016A   18137.19390695  .00585237 -34554-5  88400-3 0  9998
2 43201  30.9142  61.9351 0817444 230.4494 121.8558 14.37893699 14330
1 43201U 18016A   18137.19390716  .00749259 -34858-5  88400-3 0  9995
2 43201  30.9039  61.9236 0826050 230.6376 121.8198 14.38219997 14335
1 43201U 18016A   18137.61036121  .00566382 -34843-5  88400-3 0  9997
2 43201  30.9204  59.5010 0814082 234.1694 117.9566 14.38343354 14392
1 43201U 18016A   18137.95739332  .00521420 -35008-5  88400-3 0  9996
2 43201  30.9251  57.4832 0809402 237.1415 114.8592 14.38596751 14449
1 43201U 18016A   18138.16552545  .00555133 -35260-5  88400-3 0  9997
2 43201  30.9216  56.2507 0811355 239.2022 112.5987 14.38768963 14475
1 43201U 18016A   18138.16553124  .00646415 -35417-5  88400-3 0  9999
2 43201  30.9172  56.2361 0818035 239.2913 112.5563 14.38700022 14477
1 43201U 18016A   18138.78985224  .00541026 -35695-5  88400-3 0  9997
2 43201  30.9159  52.6333 0807913 244.5473 106.8409 14.39299791 14566
1 43201U 18016A   18138.99796873  .00544020 -35749-5  88400-3 0  9997
2 43201  30.9236  51.3628 0807416 246.4074 105.1634 14.39467371 14597
1 43201U 18016A   18139.20594196  .00607432 -36047-5  88400-3 0  9995
2 43201  30.9150  50.1618 0812103 248.8296 102.2134 14.39466054 14623
1 43201U 18016A   18139.69127535  .00567277 -36215-5  88400-3 0  9996
2 43201  30.9142  47.3792 0807246 252.9510  97.7792 14.39914792 14694
1 43201U 18016A   18139.96860105  .00539232 -36217-5  88400-3 0  9995
2 43201  30.9200  45.7602 0804300 255.1818  95.3561 14.40089157 14738
1 43201U 18016A   18140.10734216  .00617478 -36375-5  88400-3 0  9990
2 43201  30.9215  44.8149 0810087 257.5034  93.4991 14.40081365 14756
1 43201U 18016A   18140.86974239  .00411990 -36125-5  88400-3 0  9998
2 43201  30.9339  40.3727 0789821 264.2786  86.5527 14.40616950 14860
1 43201U 18016A   18141.07764268  .00590685 -36568-5  88400-3 0  9991
2 43201  30.9149  39.1670 0806195 266.1534  84.3858 14.40544820 14890
1 43201U 18016A   18141.14699082  .00592630 -36574-5  88400-3 0  9999
2 43201  30.9150  38.7632 0805967 266.7879  84.0315 14.40628324 14908
1 43201U 18016A   18142.11672231  .00567152 -36494-5  88400-3 0  9996
2 43201  30.9132  33.1073 0802158 275.5036  73.9445 14.41071257 15043
1 43201U 18016A   18142.94817108  .00661684 -36512-5  88400-3 0  9997
2 43201  30.9007  28.2831 0805562 282.1344  69.1249 14.41764024 15162
1 43201U 18016A   18143.01736499  .00773258 -36449-5  88400-3 0  9999
2 43201  30.9113  27.8004 0811471 283.1809  67.8732 14.41835368 15173
1 43201U 18016A   18144.05542620  .00635106 -35709-5  88400-3 0  9992
2 43201  30.9189  21.6831 0801149 293.3761  55.5492 14.42386824 15320
1 43201U 18016A   18144.54040101  .00517094 -35194-5  88400-3 0  9996
2 43201  30.9270  18.8280 0790421 298.0663  53.7113 14.42830390 15399
1 43201U 18016A   18144.60969386  .00507824 -35132-5  88400-3 0  9990
2 43201  30.9271  18.4185 0789397 298.7325  53.5554 14.42881556 15401
1 43201U 18016A   18145.02489208  .00584483 -34952-5  88400-3 0  9992
2 43201  30.9212  15.9970 0794982 302.1984  50.5141 14.42998961 15461
1 43201U 18016A   18145.50910533  .00592199 -34598-5  88400-3 0  9994
2 43201  30.9179  13.1617 0793288 306.4090  46.5507 14.43511810 15538
1 43201U 18016A   18145.85494342  .00638815 -34375-5  88400-3 0  9996
2 43201  30.9145  11.1293 0795198 309.1878  44.0674 14.43800123 15586
1 43201U 18016A   18145.92409497  .00687033 -34374-5  88400-3 0  9996
2 43201  30.9104  10.7131 0797863 309.7623  43.5307 14.43872271 15593
1 43201U 18016A   18145.99324273  .00714735 -34318-5  88400-3 0  9999
2 43201  30.9096  10.2996 0799054 310.4492  42.9005 14.43963976 15607
1 43201U 18016A   18146.82264973  .00492992 -33205-5  88400-3 0  9994
2 43201  30.9201   5.4637 0781234 318.3592  34.1369 14.44437816 15721
1 43201U 18016A   18146.96124104  .00578922 -33168-5  88400-3 0  9996
2 43201  30.9143   4.6267 0787246 319.5131  34.9402 14.44669632 15748
1 43201U 18016A   18146.96124116  .00620868 -33114-5  88400-3 0  9997
2 43201  30.9154   4.5806 0791017 319.9223  34.3967 14.44483993 15749
1 43201U 18016A   18147.51411538  .00578053 -32368-5  88400-3 0  9994
2 43201  30.9197   1.3166 0785432 325.3378  29.5111 14.45068739 15820
1 43201U 18016A   18147.58327055  .00570797 -32270-5  88400-3 0  9990
2 43201  30.9203   0.9089 0784614 326.0203  29.1887 14.45131729 15830
1 43201U 18016A   18147.85963236  .00546935 -32034-5  88400-3 0  9992
2 43201  30.9159 359.3049 0781615 328.0586  27.4805 14.45394532 15879
1 43201U 18016A   18147.92871865  .00580270 -31927-5  88400-3 0  9996
2 43201  30.9179 358.8974 0783872 328.7728  26.8534 14.45461485 15889
1 43201U 18016A   18147.99779180  .00615927 -31866-5  88400-3 0  9990
2 43201  30.9148 358.4699 0786650 329.4478  26.1195 14.45404005 15894
1 43201U 18016A   18148.55036503  .00557613 -31092-5  88400-3 0  9996
2 43201  30.9173 355.2195 0779836 334.7385  21.6476 14.45991072 15978
1 43201U 18016A   18148.61943359  .00546044 -30976-5  88400-3 0  9995
2 43201  30.9189 354.8085 0778660 335.4203  21.1083 14.46051597 15989
1 43201U 18016A   18148.89561609  .00561396 -30696-5  88400-3 0  9995
2 43201  30.9156 353.1801 0778740 337.6053  19.2224 14.46307457 16027
1 43201U 18016A   18148.89561665  .00617676 -30697-5  88400-3 0  9991
2 43201  30.9143 353.1657 0783316 337.6699  19.0580 14.46192168 16027
1 43201U 18016A   18148.96467525  .00621250 -30603-5  88400-3 0  9999
2 43201  30.9142 352.7570 0783247 338.3203  18.5791 14.46263011 16032
1 43201U 18016A   18149.51688810  .00599285 -29789-5  88400-3 0  9998
2 43201  30.9178 349.4921 0778993 343.5889  14.0727 14.46887516 16115
1 43201U 18016A   18149.65490097  .00548781 -29637-5  88400-3 0  9998
2 43201  30.9155 348.6617 0774643 344.7593  13.0436 14.47016373 16130
1 43201U 18016A   18149.86190890  .00553174 -29416-5  88400-3 0  9996
2 43201  30.9116 347.4431 0774065 346.4781  11.6091 14.47226962 16165
1 43201U 18016A   18149.93090166  .00559869 -29332-5  88400-3 0  9993
2 43201  30.9110 347.0378 0774260 347.0728  11.1007 14.47301676 16179
1 43201U 18016A   18150.89639412  .00561181 -27973-5  88400-3 0  9992
2 43201  30.9110 341.3172 0770037 356.0000   3.1065 14.48286993 16315
1 43201U 18016A   18151.10327507  .00592718 -27607-5  88400-3 0  9990
2 43201  30.9148 340.0795 0771376 358.1072   1.6057 14.48517867 16346
1 43201U 18016A   18151.86129833  .00614870 -26572-5  88400-3 0  9999
2 43201  30.9108 335.5953 0769888   5.0729 355.2087 14.49212718 16450
1 43201U 18016A   18151.93029226  .00617611 -26473-5  88400-3 0  9998
2 43201  30.9110 335.1839 0769724   5.7209 355.1597 14.49292967 16461
1 43201U 18016A   18152.89440717  .00577837 -25139-5  88400-3 0  9999
2 43201  30.9127 329.4730 0761625  14.8494 347.3302 14.50492561 16601
1 43201U 18016A   18153.85774301  .00613260 -23966-5  88400-3 0  9992
2 43201  30.9092 323.7260 0757538  23.6434 340.9066 14.52005019 16748
1 43201U 18016A   18154.61366562  .00643207 -23042-5  88400-3 0  9992
2 43201  30.9115 319.2220 0755375  30.5906 333.6629 14.52957814 16853
1 43201U 18016A   18154.88850229  .00644772 -22734-5  88400-3 0  9994
2 43201  30.9117 317.5797 0753926  33.1491 331.4147 14.53311901 16890
1 43201U 18016A   18155.57529615  .00657290 -21992-5  88400-3 0  9997
2 43201  30.9135 313.4707 0750872  39.5514 325.7271 14.54192852 16997
1 43201U 18016A   18155.84989731  .00660091 -21760-5  88400-3 0  9992
2 43201  30.9110 311.8266 0749467  42.0319 323.5375 14.54554115 17033
1 43201U 18016A   18156.46748051  .00638600 -21237-5  88400-3 0  9999
2 43201  30.9082 308.1195 0744711  47.9738 318.1269 14.55323156 17129
1 43201U 18016A   18156.81048533  .00560797 -21105-5  88400-3 0  9991
2 43201  30.8997 306.0816 0737474  51.1813 315.2317 14.55699043 17177
1 43201U 18016A   18157.56468201  .00635694 -20433-5  88400-3 0  9994
2 43201  30.9074 301.5554 0739842  58.2531 308.3178 14.56390666 17289
1 43201U 18016A   18157.77040414  .00639304 -20336-5  88400-3 0  9993
2 43201  30.9047 300.2996 0738989  60.1720 307.0307 14.56640073 17312
1 43201U 18016A   18158.45560195  .00650462 -19931-5  88400-3 0  9999
2 43201  30.9097 296.2126 0736125  66.8408 300.8058 14.57460266 17412
1 43201U 18016A   18158.72955749  .00628528 -19881-5  88400-3 0  9994
2 43201  30.9064 294.5605 0733153  69.3331 298.4323 14.57807262 17452
1 43201U 18016A   18159.48258320  .00637431 -19655-5  88400-3 0  9991
2 43201  30.9086 290.0429 0729827  76.4874 291.4052 14.58702578 17564
1 43201U 18016A   18159.68790939  .00626572 -19713-5  88400-3 0  9999
2 43201  30.9008 288.7943 0727970  78.3039 289.8301 14.58959567 17597
1 43201U 18016A   18160.71378373  .00652937 -19639-5  88400-3 0  9990
2 43201  30.9047 282.5965 0725110  87.8084 279.9024 14.60011224 17746
1 43201U 18016A   18160.71390335  .00653507 -19639-5  88400-3 0  9996
2 43201  30.9047 282.5958 0725110  87.8096 280.5312 14.60019768 17740
1 43201U 18016A   18161.46578517  .00705966 -19806-5  88400-3 0  9992
2 43201  30.9007 277.9924 0724536  95.0825 273.2792 14.60886728 17850
1 43201U 18016A   18161.60243159  .00621545 -19949-5  88400-3 0  9997
2 43201  30.8949 277.2637 0718764  96.5305 271.6813 14.60980636 17874
1 43201U 18016A   18161.67076683  .00615356 -20006-5  88400-3 0  9999
2 43201  30.8918 276.8509 0717970  97.1943 271.0804 14.61063470 17880
1 43201U 18016A   18162.35374735  .00672364 -20042-5  88400-3 0  9996
2 43201  30.9124 272.6775 0718795 103.3038 264.2321 14.61734556 17989
1 43201U 18016A   18162.49044070  .00669325 -20168-5  88400-3 0  9999
2 43201  30.9074 271.8833 0717881 104.7017 263.4185 14.61899788 18008
1 43201U 18016A   18162.96827256  .00492203 -20915-5  88400-3 0  9995
2 43201  30.8680 269.0207 0701829 109.1134 258.4764 14.62469954 18071
1 43201U 18016A   18163.30951593  .00761989 -20700-5  88400-3 0  9998
2 43201  30.9019 266.8546 0719138 112.4134 255.0666 14.62835047 18128
1 43201U 18016A   18163.51427431  .00923758 -20903-5  88400-3 0  9999
2 43201  30.9000 265.5806 0725404 115.1063 252.6543 14.63135046 18150
1 43201U 18016A   18163.51427510  .00647957 -20831-5  88400-3 0  9991
2 43201  30.9044 265.6677 0712207 114.2006 253.2549 14.62881692 18156
1 43201U 18016A   18164.46920476  .00516180 -21542-5  88400-3 0  9998
2 43201  30.9109 259.9528 0697382 122.4957 244.4615 14.63976580 18294
1 43201U 18016A   18164.46921231  .00639309 -21633-5  88400-3 0  9998
2 43201  30.9027 259.8621 0706879 123.0422 244.1073 14.63966499 18295
1 43201U 18016A   18165.49134853  .00672597 -22678-5  88400-3 0  9994
2 43201  30.9038 253.6725 0704178 132.9540 232.6854 14.65074793 18449
1 43201U 18016A   18165.55957163  .00674058 -22759-5  88400-3 0  9992
2 43201  30.9035 253.2569 0703856 133.6054 232.5228 14.65169105 18455
1 43201U 18016A   18165.62768536  .00673161 -22837-5  88400-3 0  9995
2 43201  30.9035 252.8427 0703395 134.2489 231.8097 14.65261555 18469
1 43201U 18016A   18166.24053794  .00698955 -23536-5  88400-3 0  9992
2 43201  30.9056 249.1044 0701515 139.9752 225.4747 14.66051457 18553
1 43201U 18016A   18166.51281404  .00651830 -23915-5  88400-3 0  9995
2 43201  30.9039 247.4531 0696974 142.7778 222.3263 14.66414885 18599
1 43201U 18016A   18166.58086880  .00653573 -24010-5  88400-3 0  9996
2 43201  30.9035 247.0412 0696706 143.4597 221.5673 14.66502027 18603
1 43201U 18016A   18167.19316876  .00695134 -24725-5  88400-3 0  9997
2 43201  30.9085 243.3069 0696275 148.9723 214.9881 14.67195678 18694
1 43201U 18016A   18167.26126352  .00688457 -24746-5  88400-3 0  9996
2 43201  30.9148 242.9058 0696250 149.6790 214.4878 14.67108859 18700
1 43201U 18016A   18167.32930513  .00655959 -24974-5  88400-3 0  9999
2 43201  30.9015 242.4742 0693732 150.4143 213.7714 14.67215850 18714
1 43201U 18016A   18167.60134191  .00671948 -25334-5  88400-3 0  9995
2 43201  30.9031 240.8164 0693157 152.9860 210.8755 14.67580876 18756
1 43201U 18016A   18168.55294800  .00691300 -26671-5  88400-3 0  9993
2 43201  30.9070 235.0183 0688783 162.1629 200.4482 14.68853311 18896
1 43201U 18016A   18169.16423572  .00686042 -27539-5  88400-3 0  9992
2 43201  30.9074 231.2703 0684856 167.8481 193.8903 14.69676360 18982
1 43201U 18016A   18169.23217918  .00650317 -27628-5  81518-3 0  9993
2 43201  30.9072 230.8626 0686000 168.5773 193.1341 14.69679089 18995
1 43201U 18016A   18169.50374977  .00657383 -28026-5  82644-3 0  9996
2 43201  30.9076 229.1980 0684275 171.1409 190.2029 14.70045327 19032
1 43201U 18016A   18169.57163224  .00658574 -28126-5  82671-3 0  9998
2 43201  30.9077 228.7821 0683941 171.7867 189.4650 14.70135951 19049
1 43201U 18016A   18170.18234433  .00711527 -29054-5  85105-3 0  9992
2 43201  30.9095 225.0409 0681849 177.6199 182.8288 14.71075146 19133
1 43201U 18016A   18170.52145288  .00732117 -29561-5  92628-3 0  9998
2 43201  30.9090 222.9626 0677174 180.8009 179.1573 14.71607194 19182
1 43201U 18016A   18171.19932021  .00756635 -30590-5  92547-3 0  9996
2 43201  30.9098 218.7907 0673969 187.4315 171.5867 14.72663951 19283
1 43201U 18016A   18171.47034260  .00759113 -30984-5  92487-3 0  9999
2 43201  30.9098 217.1240 0672349 190.0265 168.6324 14.73071722 19321
1 43201U 18016A   18172.21528799  .00734010 -32013-5  86516-3 0  9997
2 43201  30.9109 212.5356 0669076 197.1544 160.5394 14.74134389 19432
1 43201U 18016A   18172.41836299  .00730264 -32298-5  84770-3 0  9998
2 43201  30.9113 211.2804 0668463 199.1699 158.2572 14.74418746 19460
1 43201U 18016A   18172.48604612  .00729806 -32391-5  84350-3 0  9995
2 43201  30.9114 210.8646 0668220 199.8317 157.5102 14.74515296 19475
1 43201U 18016A   18173.23030995  .00640191 -33296-5  75765-3 0  9990
2 43201  30.9122 206.2875 0663504 206.9830 149.1941 14.75367326 19587
1 43201U 18016A   18173.50091384  .00632672 -33634-5  75072-3 0  9991
2 43201  30.9118 204.6114 0661992 209.6154 146.5337 14.75687737 19624
1 43201U 18016A   18174.24464745  .00590684 -34468-5  70300-3 0  9999
2 43201  30.9128 200.0120 0658307 216.7600 138.6105 14.76500136 19738
1 43201U 18016A   18174.44740557  .00599182 -34673-5  72615-3 0  9990
2 43201  30.9138 198.7541 0656430 218.6724 136.5113 14.76755921 19765
1 43201U 18016A   18174.92038489  .00606912 -35173-5  73030-3 0  9995
2 43201  30.9139 195.8259 0654209 223.2453 131.5161 14.77331888 19832
1 43201U 18016A   18175.19052775  .00652337 -35461-5  75686-3 0  9990
2 43201  30.9150 194.1574 0653795 225.8098 128.7000 14.77775715 19874
1 43201U 18016A   18175.46063810  .00659813 -35691-5  77446-3 0  9999
2 43201  30.9166 192.4828 0651715 228.3930 125.9084 14.78141074 19919
1 43201U 18016A   18175.93318108  .00665833 -36105-5  77324-3 0  9999
2 43201  30.9167 189.5532 0649418 232.9652 120.9903 14.78768054 19983
1 43201U 18016A   18176.20312810  .00657683 -36310-5  75817-3 0  9991
2 43201  30.9173 187.8788 0648256 235.5567 118.2127 14.79103512 20025
1 43201U 18016A   18176.40555013  .00649901 -36490-5  72508-3 0  9994
2 43201  30.9162 186.6237 0648546 237.5679 116.0599 14.79346401 20055
1 43201U 18016A   18176.94516495  .00572054 -36757-5  67373-3 0  9998
2 43201  30.9198 183.2692 0644020 242.8355 110.1866 14.79865101 20139
1 43201U 18016A   18177.21497203  .00604062 -36922-5  71629-3 0  9992
2 43201  30.9191 181.5880 0642205 245.4280 107.8186 14.80215756 20170
1 43201U 18016A   18177.41724253  .00636526 -37025-5  77137-3 0  9997
2 43201  30.9190 180.3358 0640050 247.4411 105.7308 14.80499713 20204
1 43201U 18016A   18177.88907103  .00618565 -37239-5  74272-3 0  9992
2 43201  30.9187 177.4011 0637953 252.0162 100.9552 14.81067291 20274
1 43201U 18016A   18177.95646937  .00627255 -37269-5  75360-3 0  9993
2 43201  30.9185 176.9809 0637483 252.6862 100.3399 14.81169245 20288
1 43201U 18016A   18178.22594124  .00666463 -37400-5  78172-3 0  9999
2 43201  30.9171 175.3008 0636583 255.3464  97.5785 14.81606987 20325
1 43201U 18016A   18178.36067199  .00665921 -37447-5  77357-3 0  9994
2 43201  30.9170 174.4619 0636220 256.6598  96.2359 14.81782585 20346
1 43201U 18016A   18178.96677291  .00626696 -37580-5  71743-3 0  9997
2 43201  30.9171 170.6841 0633710 262.6116  90.0826 14.82495297 20439
1 43201U 18016A   18179.23611973  .00602552 -37630-5  67406-3 0  9995
2 43201  30.9162 169.0035 0633505 265.2445  87.5591 14.82760723 20475
1 43201U 18016A   18179.37075324  .00600207 -37650-5  66662-3 0  9994
2 43201  30.9155 168.1633 0633130 266.5542  86.2468 14.82914781 20493
1 43201U 18016A   18179.97647324  .00530187 -37621-5  59263-3 0  9991
2 43201  30.9166 164.3726 0630472 272.4174  80.3801 14.83459739 20583
1 43201U 18016A   18180.24563220  .00520170 -37595-5  57902-3 0  9994
2 43201  30.9163 162.6915 0629539 275.0324  77.8779 14.83712420 20628
1 43201U 18016A   18180.31290889  .00520390 -37589-5  57877-3 0  9998
2 43201  30.9159 162.2703 0629270 275.6803  77.2450 14.83781993 20636
1 43201U 18016A   18180.98553450  .00505499 -37439-5  55531-3 0  9999
2 43201  30.9152 158.0518 0626914 282.4372  70.6820 14.84437577 20731
1 43201U 18016A   18181.18726691  .00500988 -37379-5  54581-3 0  9996
2 43201  30.9152 156.7963 0626427 284.3105  68.8767 14.84627237 20760
1 43201U 18016A   18181.38897060  .00502654 -37301-5  54897-3 0  9994
2 43201  30.9152 155.5343 0625436 286.2637  67.0098 14.84830857 20794
1 43201U 18016A   18181.92672670  .00484049 -37022-5  55035-3 0  9994
2 43201  30.9167 152.1732 0621649 291.4155  62.0479 14.85313748 20873
1 43201U 18016A   18182.19556128  .00481700 -36882-5  54572-3 0  9992
2 43201  30.9166 150.4867 0620705 294.0390  59.6493 14.85563839 20915
1 43201U 18016A   18182.32995322  .00482311 -36809-5  54544-3 0  9997
2 43201  30.9161 149.6435 0620215 295.3564  58.4099 14.85693135 20938
1 43201U 18016A   18182.93457927  .00485546 -36414-5  55240-3 0  9997
2 43201  30.9161 145.8556 0617413 301.2368  52.9201 14.86276809 21026
1 43201U 18016A   18183.27038699  .00484049 -36165-5  55422-3 0  9998
2 43201  30.9163 143.7476 0615759 304.4745  49.9199 14.86593735 21078
1 43201U 18016A   18183.80752988  .00490965 -35728-5  55960-3 0  9996
2 43201  30.9164 140.3761 0613630 309.7083  45.1216 14.87124361 21151
1 43201U 18016A   18184.21022038  .00521304 -35377-5  59693-3 0  9997
2 43201  30.9154 137.8455 0611364 313.5744  41.5674 14.87599504 21210
1 43201U 18016A   18184.27732887  .00522353 -35314-5  59908-3 0  9998
2 43201  30.9154 137.4230 0610986 314.2321  40.9704 14.87670854 21221
1 43201U 18016A   18184.88116657  .00530150 -34729-5  60538-3 0  9990
2 43201  30.9151 133.6254 0608367 320.1526  35.6065 14.88311942 21317
1 43201U 18016A   18184.94824157  .00530639 -34663-5  60483-3 0  9996
2 43201  30.9149 133.2045 0608133 320.8149  34.9926 14.88383173 21321
1 43201U 18016A   18185.61884029  .00536577 -33954-5  61139-3 0  9993
2 43201  30.9141 128.9869 0605005 327.4145  29.0447 14.89101973 21423
1 43201U 18016A   18185.88698496  .00552993 -33650-5  60725-3 0  9996
2 43201  30.9140 127.2890 0605149 330.1768  26.5771 14.89424062 21462
1 43201U 18016A   18185.95401076  .00560055 -33571-5  60511-3 0  9993
2 43201  30.9140 126.8636 0605436 330.8926  25.9428 14.89513374 21475
1 43201U 18016A   18186.22207589  .00571591 -33228-5  62360-3 0  9997
2 43201  30.9152 125.1710 0603613 333.6403  23.4686 14.89838400 21513
1 43201U 18016A   18186.28908537  .00572732 -33144-5  62845-3 0  9997
2 43201  30.9155 124.7488 0603032 334.3054  22.8772 14.89916463 21524
1 43201U 18016A   18186.95889333  .00679142 -32337-5  74073-3 0  9995
2 43201  30.9147 120.5294 0598820 340.7316  17.1437 14.90940602 21624
1 43201U 18016A   18187.22669499  .00775698 -31971-5  85930-3 0  9995
2 43201  30.9143 118.8372 0596092 343.3556  14.8243 14.91417282 21668
1 43201U 18016A   18187.22669574  .00772812 -31974-5  86046-3 0  9996
2 43201  30.9140 118.8352 0595888 343.3602  14.8264 14.91414852 21660
1 43201U 18016A   18187.96275387  .00805736 -31076-5  87257-3 0  9992
2 43201  30.9139 114.1821 0591880 350.6064   8.3853 14.92598390 21774
1 43201U 18016A   18188.16339694  .00807349 -30840-5  87220-3 0  9997
2 43201  30.9131 112.9055 0590575 352.5886   6.6328 14.92920044 21801
1 43201U 18016A   18188.96554588  .00806734 -29871-5  86217-3 0  9990
2 43201  30.9128 107.8215 0585497   0.5398 359.5779 14.94184898 21927
1 43201U 18016A   18189.16597258  .00814690 -29613-5  87255-3 0  9991
2 43201  30.9129 106.5475 0583944   2.6222 357.7281 14.94519604 21954
1 43201U 18016A   18189.43314795  .00898539 -29296-5  99530-3 0  9994
2 43201  30.9102 104.8542 0580214   5.1697 355.6171 14.95049384 21995
1 43201U 18016A   18189.49909722  .00898820 -29220-5  99399-3 0  9993
2 43201  30.9102 104.4352 0579765   5.8250 350.5809 14.95167808 21995
1 43201U 18016A   18189.90043215  .00942164 -28741-5  10256-2 0  9997
2 43201  30.9100 101.8852 0576983   9.8358 351.3948 14.95956309 22065
1 43201U 18016A   18190.03387820  .00924124 -28592-5  10044-2 0  9991
2 43201  30.9109 101.0331 0576061  11.1410 350.1189 14.96181883 22084
1 43201U 18016A   18190.30074664  .00920499 -28300-5  98982-3 0  9996
2 43201  30.9106  99.3316 0574387  13.7998 347.7644 14.96667826 22120
1 43201U 18016A   18190.83420953  .00915220 -27726-5  97288-3 0  9995
2 43201  30.9107  95.9319 0570646  19.1284 342.9587 14.97633844 22204
1 43201U 18016A   18191.03417443  .00910383 -27534-5  98794-3 0  9993
2 43201  30.9100  94.6590 0568238  21.0902 341.2046 14.97984991 22234
1 43201U 18016A   18191.30071567  .00907538 -27286-5  10010-2 0  9992
2 43201  30.9087  92.9652 0565470  23.7136 338.8396 14.98459874 22273
1 43201U 18016A   18191.83357929  .00882198 -26803-5  92696-3 0  9998
2 43201  30.9064  89.5454 0563766  28.9841 334.0861 14.99317820 22355
1 43201U 18016A   18191.84351985  .00960256 -26857-5  10010-2 0  9995
2 43201  30.8988  89.4685 0563854  28.9118  27.9042 14.99374692 22358
1 43201U 18016A   18192.03331227  .00893719 -26575-5  94628-3 0  9998
2 43201  30.9096  88.2741 0561839  31.0585 332.2147 14.99684803 22382
1 43201U 18016A   18192.23299217  .00901732 -26402-5  94699-3 0  9994
2 43201  30.9092  86.9936 0560583  33.0318 330.4176 15.00050585 22413
1 43201U 18016A   18192.36608378  .00907723 -26285-5  95199-3 0  9991
2 43201  30.9094  86.1492 0559557  34.3463 329.2121 15.00298350 22430
1 43201U 18016A   18192.76523016  .00926038 -25963-5  93015-3 0  9997
2 43201  30.9090  83.5865 0558039  38.2147 325.7254 15.01058584 22495
1 43201U 18016A   18192.96471506  .00937603 -25804-5  91750-3 0  9993
2 43201  30.9091  82.3039 0557392  40.1867 323.9111 15.01454246 22529
1 43201U 18016A   18193.09767264  .00940042 -25701-5  91796-3 0  9994
2 43201  30.9093  81.4526 0556372  41.5608 322.6040 15.01707596 22545
1 43201U 18016A   18193.98370568  .00894659 -25177-5  91796-3 0  9998
2 43201  30.9090  75.7686 0546175  50.6660  75.6015 15.03567425 22672
1 43201U 18016A   18194.02769166  .01040644 -25103-5  10611-2 0  9993
2 43201  30.9094  75.4802 0545921  51.0611 313.7518 15.03686670 22681
1 43201U 18016A   18194.09407425  .01075785 -25057-5  10850-2 0  9994
2 43201  30.9094  75.0529 0545729  51.7155 313.1267 15.03835628 22694
1 43201U 18016A   18194.75756333  .00993761 -24789-5  99568-3 0  9999
2 43201  30.9093  70.7813 0540363  58.4249 306.5990 15.05124705 22797
1 43201U 18016A   18194.95654181  .00975079 -24731-5  98017-3 0  9996
2 43201  30.9086  69.5011 0538605  60.4187 304.8861 15.05495023 22821
1 43201U 18016A   18195.02284793  .00973055 -24710-5  97592-3 0  9999
2 43201  30.9085  69.0721 0538147  61.0882 304.2643 15.05621476 22839
1 43201U 18016A   18195.88429899  .00940691 -24505-5  92700-3 0  9999
2 43201  30.9084  63.5093 0531985  69.8091 295.8642 15.07198008 22960
1 43201U 18016A   18196.28157757  .00938908 -24449-5  88683-3 0  9995
2 43201  30.9086  60.9362 0530511  73.6852 292.1075 15.07938815 23020
1 43201U 18016A   18196.67865692  .00940216 -24452-5  90302-3 0  9992
2 43201  30.9084  58.3680 0526540  77.8504 288.0985 15.08688077 23082
1 43201U 18016A   18196.87710962  .00934829 -24444-5  87712-3 0  9998
2 43201  30.9091  57.0836 0525975  79.8649 286.0062 15.09039217 23117
1 43201U 18016A   18197.00940505  .00934971 -24452-5  86911-3 0  9999
2 43201  30.9091  56.2237 0525281  81.1699 284.7961 15.09286165 23135
1 43201U 18016A   18197.27390044  .00935018 -24499-5  88961-3 0  9996
2 43201  30.9090  54.5174 0522153  84.0795 281.9421 15.09780493 23176
1 43201U 18016A   18197.67046814  .01019244 -24568-5  94428-3 0  9990
2 43201  30.9106  51.9213 0519344  87.6284 278.5815 15.10676053 23233
1 43201U 18016A   18197.86861847  .00946553 -24619-5  84155-3 0  9996
2 43201  30.9083  50.6356 0519809  89.5796 276.3622 15.10956909 23262
1 43201U 18016A   18197.93469110  .01023831 -24645-5  94585-3 0  9994
2 43201  30.9109  50.2023 0517098  90.3799 275.7277 15.11216553 23274
1 43201U 18016A   18198.66082935  .01071132 -24989-5  99166-3 0  9999
2 43201  30.9085  45.4759 0510114  97.8533 268.2114 15.12792971 23382
1 43201U 18016A   18198.92465431  .01070245 -25132-5  98548-3 0  9992
2 43201  30.9081  43.7569 0507880 100.5643 265.2568 15.13354919 23420
1 43201U 18016A   18199.25433629  .01055621 -25316-5  96051-3 0  9995
2 43201  30.9083  41.6110 0505414 103.9302 261.7640 15.14031475 23478
1 43201U 18016A   18199.58387537  .01065753 -25532-5  95787-3 0  9999
2 43201  30.9083  39.4542 0502773 107.3010 258.3793 15.14751733 23524
1 43201U 18016A   18199.84737417  .01063784 -25722-5  95447-3 0  9990
2 43201  30.9083  37.7333 0500416 110.0361 255.4759 15.15306343 23563
1 43201U 18016A   18199.91323766  .01063491 -25772-5  94992-3 0  9990
2 43201  30.9083  37.3058 0499995 110.7659 254.7287 15.15445388 23571
1 43201U 18016A   18200.90041861  .00976770 -26465-5  85528-3 0  9992
2 43201  30.9157  30.8220 0492323 120.7684 243.8772 15.17385858 23721
1 43201U 18016A   18201.55792556  .01020618 -27174-5  86686-3 0  9994
2 43201  30.9093  26.5042 0487617 127.5547 237.1799 15.18748517 23829
1 43201U 18016A   18201.75501025  .01036826 -27417-5  88033-3 0  9991
2 43201  30.9085  25.2253 0485680 129.8597 234.6480 15.19194416 23854
1 43201U 18016A   18202.47725309  .01036856 -28205-5  85937-3 0  9993
2 43201  30.9084  20.4692 0480131 137.3636 226.5411 15.20689133 23964
1 43201U 18016A   18202.67410453  .01095963 -28424-5  94981-3 0  9992
2 43201  30.9100  19.1506 0475882 138.9619 225.0297 15.21239396 23999
1 43201U 18016A   18202.87083973  .01102791 -28615-5  94345-3 0  9991
2 43201  30.9125  17.8412 0474451 140.8515 222.7765 15.21688837 24022
1 43201U 18016A   18203.60343830  .01147036 -29731-5  94345-3 0  9995
2 43201  30.9003  13.0485 0467778 148.9481 278.3373 15.23583888 24136
1 43201U 18016A   18203.85365402  .01243912 -29956-5  10260-2 0  9993
2 43201  30.9115  11.3525 0464566 151.2947 211.3831 15.24291879 24179
1 43201U 18016A   18204.83501212  .01192063 -31208-5  94901-3 0  9991
2 43201  30.9103   4.8456 0456223 161.5274 200.2490 15.26529230 24326
1 43201U 18016A   18205.55382366  .01271848 -32126-5  99513-3 0  9991
2 43201  30.9129   0.0432 0450616 168.8496 192.2473 15.27972165 24435
1 43201U 18016A   18205.74972807  .01283643 -32383-5  10314-2 0  9999
2 43201  30.9140 358.7411 0447327 170.9354 189.9677 15.28472814 24469
1 43201U 18016A   18206.79349145  .01276272 -33714-5  97284-3 0  9999
2 43201  30.9156 351.7674 0438162 181.8441 178.0553 15.31058952 24622
1 43201U 18016A   18207.70545255  .01183022 -34817-5  94526-3 0  9992
2 43201  30.9127 345.6429 0427382 191.6417 167.4073 15.33071147 24761
1 43201U 18016A   18208.74638393  .00971543 -35807-5  70663-3 0  9991
2 43201  30.9174 338.6493 0422901 202.3987 155.7703 15.34975059 24924
1 43201U 18016A   18209.52618016  .00958104 -36600-5  67679-3 0  9991
2 43201  30.9175 333.3949 0417554 210.6668 146.8905 15.36465317 25041
1 43201U 18016A   18209.72101809  .00940070 -36784-5  66581-3 0  9997
2 43201  30.9171 332.0775 0415936 212.8040 144.6097 15.36809639 25070
1 43201U 18016A   18210.56484886  .00897863 -37485-5  64341-3 0  9992
2 43201  30.9172 326.3639 0409158 221.7750 135.0962 15.38244763 25205
1 43201U 18016A   18210.75946270  .00902992 -37641-5  64279-3 0  9997
2 43201  30.9171 325.0470 0407892 223.8195 132.9396 15.38595327 25237
1 43201U 18016A   18211.42395884  .00890167 -38138-5  63103-3 0  9998
2 43201  30.9132 320.5364 0402205 230.5633 215.5867 15.39928945 25330
1 43201U 18016A   18211.73179422  .00955477 -38275-5  67637-3 0  9994
2 43201  30.9214 318.4532 0399590 234.1812 122.1065 15.40538508 25387
1 43201U 18016A   18212.57359265  .00924359 -38733-5  61978-3 0  9998
2 43201  30.9201 312.7358 0395227 243.0421 112.9327 15.42035617 25512
1 43201U 18016A   18212.57359281  .01014187 -38749-5  68790-3 0  9992
2 43201  30.9204 312.7391 0394835 243.1825 112.7678 15.42019243 25519
1 43201U 18016A   18212.70303549  .00947031 -38776-5  64733-3 0  9998
2 43201  30.9203 311.8525 0393568 244.3726 111.5781 15.42235326 25538
1 43201U 18016A   18213.41463084  .00794458 -38916-5  55354-3 0  9996
2 43201  30.9250 307.0175 0387770 252.0158 103.7556 15.43373063 25648
1 43201U 18016A   18213.54395873  .00829542 -38989-5  57353-3 0  9994
2 43201  30.9225 306.1279 0387055 253.3557 102.4273 15.43608532 25664
1 43201U 18016A   18213.67326269  .00846568 -39030-5  57763-3 0  9991
2 43201  30.9225 305.2443 0386591 254.7653 100.9938 15.43837578 25680
1 43201U 18016A   18214.25490445  .00895655 -39154-5  59642-3 0  9990
2 43201  30.9217 301.2731 0382985 261.0155  94.7160 15.44885141 25775
1 43201U 18016A   18214.38410552  .00896226 -39171-5  59885-3 0  9998
2 43201  30.9211 300.3859 0381849 262.4729  93.2405 15.45111630 25794
1 43201U 18016A   18214.64245483  .00889331 -39219-5  58342-3 0  9995
2 43201  30.9191 298.6177 0380647 265.2068  90.5003 15.45555440 25835
1 43201U 18016A   18214.90073001  .00886673 -39217-5  58361-3 0  9994
2 43201  30.9190 296.8461 0378551 268.0828  87.6154 15.46001153 25872
1 43201U 18016A   18215.54611089  .00889058 -39185-5  56626-3 0  9995
2 43201  30.9189 292.4260 0374977 274.8458  80.9478 15.47117864 25975
1 43201U 18016A   18215.67513116  .00855134 -39132-5  55592-3 0  9992
2 43201  30.9206 291.5411 0373305 276.2620  79.5353 15.47308221 25991
1 43201U 18016A   18216.44885328  .01656817 -38894-5  10551-2 0  9992
2 43201  30.9182 286.2462 0367583 284.2827  71.7272 15.48806232 26115
1 43201U 18016A   18216.57773487  .00972117 -38931-5  61950-3 0  9993
2 43201  30.9197 285.3571 0366600 285.6382  70.4081 15.49017640 26136
1 43201U 18016A   18216.57773601  .00976774 -38933-5  62278-3 0  9990
2 43201  30.9194 285.3564 0366581 285.6722  70.3783 15.49017412 26136
1 43201U 18016A   18216.83544219  .01017349 -38823-5  65147-3 0  9991
2 43201  30.9202 283.5646 0364106 288.4847  67.6764 15.49539640 26171
1 43201U 18016A   18217.22184915  .00954826 -38714-5  59669-3 0  9998
2 43201  30.9193 280.9042 0362036 292.4787  63.7924 15.50234892 26234
1 43201U 18016A   18217.54371550  .00982338 -38568-5  61843-3 0  9999
2 43201  30.9187 278.6890 0358897 295.9414  60.4668 15.50879425 26288
1 43201U 18016A   18217.60807320  .00985327 -38538-5  61914-3 0  9992
2 43201  30.9187 278.2455 0358411 296.6291  59.8071 15.51007164 26299
1 43201U 18016A   18217.80112151  .00961378 -38439-5  58648-3 0  9995
2 43201  30.9194 276.9006 0358085 299.0763  57.4308 15.51354237 26329
1 43201U 18016A   18217.80112444  .01034973 -38393-5  65712-3 0  9992
2 43201  30.9189 276.8661 0356295 299.2657  57.2931 15.51391558 26321
1 43201U 18016A   18218.25135845  .01079595 -38139-5  67724-3 0  9994
2 43201  30.9192 273.7610 0352496 304.1408  52.6271 15.52365290 26392
1 43201U 18016A   18218.57280363  .01045282 -37980-5  62748-3 0  9995
2 43201  30.9197 271.5578 0351543 307.5631  49.3559 15.52988244 26441
1 43201U 18016A   18218.89410533  .00997500 -37862-5  58219-3 0  9999
2 43201  30.9175 269.3607 0350046 310.6296  46.3986 15.53585238 26497
1 43201U 18016A   18218.89411275  .01000146 -37743-5  60306-3 0  9993
2 43201  30.9248 269.4003 0348678 310.8720  46.1809 15.53596647 26499
1 43201U 18016A   18219.21529519  .01005240 -37614-5  57907-3 0  9991
2 43201  30.9195 267.1345 0347628 314.3945  42.9352 15.54253807 26548
1 43201U 18016A   18219.47210019  .01109551 -37367-5  67025-3 0  9998
2 43201  30.9214 265.3741 0342574 317.0664  40.4634 15.54964208 26587
1 43201U 18016A   18219.53627190  .01118726 -37312-5  68752-3 0  9999
2 43201  30.9220 264.9340 0341199 317.6636  39.8147 15.55115758 26592
1 43201U 18016A   18219.85583333  .01208705 -37092-5  74804-3 0  9991
2 43201  30.9207 262.7032 0337288 320.7940  29.7362 15.55935680 26634
1 43201U 18016A   18220.24188620  .01310760 -36772-5  78112-3 0  9991
2 43201  30.9207 260.0215 0334178 325.2418  32.6828 15.56991745 26706
1 43201U 18016A   18220.37009433  .01276079 -36712-5  74947-3 0  9999
2 43201  30.9196 259.1302 0333412 326.6529  31.3499 15.57299510 26721
1 43201U 18016A   18220.56235608  .01286439 -36569-5  74558-3 0  9994
2 43201  30.9197 257.7924 0331785 328.7493  29.3810 15.57790327 26759
1 43201U 18016A   18220.75455635  .01293047 -36418-5  74184-3 0  9990
2 43201  30.9202 256.4523 0330048 330.8814  27.3651 15.58276946 26780
1 43201U 18016A   18221.20278936  .01325978 -36083-5  74154-3 0  9992
2 43201  30.9198 253.3280 0325922 335.7497  22.8104 15.59445041 26852
1 43201U 18016A   18221.52274454  .01351832 -35836-5  74431-3 0  9999
2 43201  30.9199 251.0934 0322738 339.2438  19.5364 15.60307954 26909
1 43201U 18016A   18221.77858170  .01386733 -35632-5  77042-3 0  9992
2 43201  30.9204 249.3072 0319158 341.9144  17.1057 15.61034701 26940
1 43201U 18016A   18222.22597657  .01447519 -35307-5  75940-3 0  9997
2 43201  30.9189 246.1790 0315673 346.8513  12.4117 15.62345596 27018
1 43201U 18016A   18222.48146039  .01613796 -35251-5  80463-3 0  9995
2 43201  30.9073 244.3955 0313615 349.0037  10.4907 15.63270245 27051
1 43201U 18016A   18222.54528872  .01672974 -35179-5  83113-3 0  9998
2 43201  30.9072 243.9476 0312727 349.6998   9.7401 15.63503518 27061
1 43201U 18016A   18222.73677930  .01596101 -35077-5  78609-3 0  9997
2 43201  30.9077 242.6055 0310601 351.8775   7.6406 15.64061895 27095
1 43201U 18016A   18223.56569893  .01739853 -34401-5  82494-3 0  9997
2 43201  30.9131 236.7657 0299674   1.1870 358.9458 15.66870943 27223
1 43201U 18016A   18223.94774853  .01810849 -34152-5  84871-3 0  9992
2 43201  30.9132 234.0664 0294018   5.4193 354.9535 15.68250734 27285
1 43201U 18016A   18224.45664515  .01864548 -33867-5  86006-3 0  9991
2 43201  30.9138 230.4595 0286537  11.0322 349.6441 15.70078845 27368
1 43201U 18016A   18225.66296031  .01836215 -33400-5  80106-3 0  9997
2 43201  30.9146 221.8803 0270113  24.6440 336.7157 15.74267896 27559
1 43201U 18016A   18226.35982286  .01788531 -33225-5  70784-3 0  9991
2 43201  30.9158 216.9001 0262932  32.5687 329.0961 15.76737427 27662
1 43201U 18016A   18226.67621792  .01941654 -33230-5  82468-3 0  9993
2 43201  30.9118 214.6366 0253915  35.9448 326.2059 15.78133018 27711
1 43201U 18016A   18227.24490081  .02150792 -33152-5  85564-3 0  9991
2 43201  30.9123 210.5461 0245673  42.2336 319.6986 15.80555220 27808
1 43201U 18016A   18227.30803189  .01945843 -33252-5  84003-3 0  9991
2 43201  30.9112 210.0950 0241929  43.3767 318.4721 15.80655515 27817
1 43201U 18016A   18227.30804015  .02173821 -33153-5  87149-3 0  9994
2 43201  30.9122 210.0920 0244100  43.0685 318.8804 15.80837609 27817
1 43201U 18016A   18227.30804838  .01966069 -33250-5  80749-3 0  9997
2 43201  30.9107 210.0957 0243823  42.9139 319.0159 15.80683442 27813
1 43201U 18016A   18228.19076945  .02463277 -33274-5  91184-3 0  9990
2 43201  30.9135 203.7189 0227899  53.7208 308.5850 15.85145141 27952
1 43201U 18016A   18228.25369832  .02461584 -33293-5  90202-3 0  9997
2 43201  30.9138 203.2653 0226910  54.5264 307.6328 15.85453677 27967
1 43201U 18016A   18228.69404703  .02550159 -33528-5  93159-3 0  9994
2 43201  30.9128 200.0831 0216425  59.8403 302.6535 15.87800283 28037
1 43201U 18016A   18229.25901694  .02777854 -33862-5  89967-3 0  9994
2 43201  30.9121 195.9500 0205924  65.4145 296.7841 15.91169642 28128
1 43201U 18016A   18229.25918394  .02774452 -33862-5  89898-3 0  9993
2 43201  30.9121 195.9488 0205921  65.4164 297.7389 15.91166404 28122
1 43201U 18016A   18229.57245396  .02842450 -34106-5  89774-3 0  9992
2 43201  30.9127 193.6589 0198454  69.7509 292.6195 15.93029416 28174
1 43201U 18016A   18229.94805719  .02844283 -34453-5  85686-3 0  9993
2 43201  30.9102 190.9074 0190540  73.4621 288.7052 15.95170887 28237
1 43201U 18016A   18230.19809239  .03112638 -34794-5  90416-3 0  9991
2 43201  30.9037 189.0664 0183492  76.4948 285.6076 15.97022690 28277
1 43201U 18016A   18230.26057496  .03114774 -34858-5  89282-3 0  9992
2 43201  30.9036 188.6061 0182226  77.2520 284.8449 15.97412605 28286
1 43201U 18016A   18230.57275721  .03214677 -35176-5  86769-3 0  9993
2 43201  30.9043 186.2950 0175252  80.8477 281.2736 15.99441647 28333
1 43201U 18016A   18230.63512521  .03177115 -35331-5  88289-3 0  9999
2 43201  30.8998 185.8389 0172245  81.5260 280.4997 15.99843949 28341
1 43201U 18016A   18230.94682458  .03286656 -35074-5  85887-3 0  9996
2 43201  30.9417 183.5006 0164560  82.1647 280.0070 16.02027983 28396
1 43201U 18016A   18231.13359236  .03613110 -35735-5  84081-3 0  9991
2 43201  30.9153 182.1327 0161622  87.5286 274.7484 16.03635599 28420
1 43201U 18016A   18231.19575150  .03393053 -35809-5  79010-3 0  9991
2 43201  30.9153 181.6703 0160119  88.2505 273.6250 16.03954048 28437
1 43201U 18016A   18231.50654715  .03965202 -36389-5  86734-3 0  9997
2 43201  30.9095 179.3536 0149915  91.8689 269.9144 16.06661020 28487
1 43201U 18016A   18231.56864626  .04208061 -36543-5  91674-3 0  9992
2 43201  30.9077 178.8896 0147239  92.7318 269.0369 16.07265560 28497
1 43201U 18016A   18231.94081180  .04281835 -37152-5  82318-3 0  9992
2 43201  30.9077 176.1011 0136915  97.0773 264.6357 16.10480939 28557
1 43201U 18016A   18232.18845360  .04693371 -37606-5  85168-3 0  9999
2 43201  30.9134 174.2342 0127466 100.4004 261.1259 16.12935504 28596
1 43201U 18016A   18232.55913969  .05876031 -38538-5  86411-3 0  9995
2 43201  30.9148 171.4397 0113572 104.8532 256.4778 16.17370923 28650
1 43201U 18016A   18232.55914709  .05862055 -38535-5  86371-3 0  9991
2 43201  30.9148 171.4396 0113572 104.8533 256.5176 16.17363473 28655
1 43201U 18016A   18232.92883112  .07136891 -39797-5  75507-3 0  9999
2 43201  30.9107 168.6180 0095439 109.8166 252.1385 16.22754592 28710
1 43201U 18016A   18233.17425776  .08485511 -41205-5  49858-3 0  9999
2 43201  30.9356 166.7833 0085818 113.9577 247.0107 16.27468807 28757
1 43201U 18016A   18233.17425789  .08485511 -41205-5  49858-3 0  9993
2 43201  30.9356 166.7833 0085818 113.9577 247.0114 16.27468809 28757
1 43201U 18016A   18233.17438851  .08479562 -41201-5  49811-3 0  9991
2 43201  30.9356 166.7823 0085811 113.9593 247.7760 16.27471364 28751
1 43201U 18016A   18233.17438851  .08479562 -41201-5  49811-3 0  9991
2 43201  30.9356 166.7823 0085811 113.9593 247.7760 16.27471364 28751
1 43201U 18016A   18233.17438851  .08479562 -41201-5  49811-3 0  9991
2 43201  30.9356 166.7823 0085811 113.9593 247.7760 16.27471364 28751
1 43201U 18016A   18233.17438851  .08479562 -41201-5  49811-3 0  9991
2 43201  30.9356 166.7823 0085811 113.9593 247.7760 16.27471364 28751
1 43201U 18016A   18233.17438851  .08479562 -41201-5  49811-3 0  9991
2 43201  30.9356 166.7823 0085811 113.9593 247.7760 16.27471364 28751
1 43201U 18016A   18233.17438851  .08479562 -41201-5  49811-3 0  9991
2 43201  30.9356 166.7823 0085811 113.9593 247.7760 16.27471364 28751
1 43201U 18016A   18233.17438851  .08479562 -41201-5  49811-3 0  9991
2 43201  30.9356 166.7823 0085811 113.9593 247.7760 16.27471364 28751
1 43201U 18016A   18233.17438851  .08479562 -41201-5  49811-3 0  9991
2 43201  30.9356 166.7823 0085811 113.9593 247.7760 16.27471364 28751
1 43201U 18016A   18233.17438851  .08479562 -41201-5  49811-3 0  9991
2 43201  30.9356 166.7823 0085811 113.9593 247.7760 16.27471364 28751
